TPAR 
20121001.0000         1.40        9.07      91.       20
20121001.0300         1.39        9.06      94.       20
20121001.0600         1.38        9.07      98.       20
20121001.0900         1.37        12.44      70.       20
20121001.1200         1.38        12.12      67.       20
20121001.1500         1.38        11.92      67.       20
20121001.1800         1.38        11.77      67.       20
20121001.2100         1.38        11.66      68.       20
20121002.0000         1.38        11.38      73.       20
20121002.0300         1.37        10.91      73.       20
20121002.0600         1.35        10.71      73.       20
20121002.0900         1.32        10.58      73.       20
20121002.1200         1.29        10.42      81.       20
20121002.1500         1.25        10.14      80.       20
20121002.1800         1.21        9.99      79.       20
20121002.2100         1.16        9.89      79.       20
20121003.0000         1.11        9.84      78.       20
20121003.0300         1.07        9.81      78.       20
20121003.0600         1.02        9.80      77.       20
20121003.0900         0.99        9.79      77.       20
20121003.1200         0.96        9.77      76.       20
20121003.1500         0.93        9.72      74.       20
20121003.1800         0.91        9.66      72.       20
20121003.2100         0.90        8.97      89.       20
20121004.0000         0.89        10.97      63.       20
20121004.0300         0.89        10.92      64.       20
20121004.0600         0.89        10.82      64.       20
20121004.0900         0.89        10.64      64.       20
20121004.1200         0.89        10.24      65.       20
20121004.1500         1.02        10.03      65.       20
20121004.1800         1.12        9.89      66.       20
20121004.2100         1.33        9.74      67.       20
20121005.0000         1.56        4.76     347.       20
20121005.0300         1.77        5.26     349.       20
20121005.0600         1.97        5.71     351.       20
20121005.0900         2.07        6.00     356.       20
20121005.1200         1.91        6.08     357.       20
20121005.1500         1.65        5.85     351.       20
20121005.1800         1.45        5.64     350.       20
20121005.2100         1.33        5.36     353.       20
20121006.0000         1.26        5.14     357.       20
20121006.0300         1.25        5.07     158.       20
20121006.0600         1.41        11.59      35.       20
20121006.0900         1.69        11.32      33.       20
20121006.1200         1.90        10.97      32.       20
20121006.1500         1.96        10.55      32.       20
20121006.1800         1.90        9.99      32.       20
20121006.2100         1.82        9.74      34.       20
20121007.0000         1.77        9.46      39.       20
20121007.0300         1.77        10.95      38.       20
20121007.0600         1.77        10.75      38.       20
20121007.0900         1.79        10.26      44.       20
20121007.1200         1.83        10.07      43.       20
20121007.1500         1.90        10.12      44.       20
20121007.1800         1.97        11.47      45.       20
20121007.2100         2.02        11.10      44.       20
20121008.0000         2.05        10.95      44.       20
20121008.0300         2.05        10.82      44.       20
20121008.0600         2.03        10.74      44.       20
20121008.0900         2.02        10.87      43.       20
20121008.1200         2.00        11.30      42.       20
20121008.1500         1.98        11.52      42.       20
20121008.1800         1.93        11.36      43.       20
20121008.2100         1.86        11.19      43.       20
20121009.0000         1.80        11.07      44.       20
20121009.0300         1.78        11.00      45.       20
20121009.0600         1.80        10.95      46.       20
20121009.0900         1.86        10.92      46.       20
20121009.1200         1.95        10.89      47.       20
20121009.1500         1.97        10.88      48.       20
20121009.1800         1.94        10.88      49.       20
20121009.2100         1.90        10.89      50.       20
20121010.0000         1.87        10.90      51.       20
20121010.0300         1.84        10.86      52.       20
20121010.0600         1.81        10.75      54.       20
20121010.0900         1.80        10.62      55.       20
20121010.1200         1.79        10.43      54.       20
20121010.1500         1.79        10.31      55.       20
20121010.1800         1.79        10.27      56.       20
20121010.2100         1.77        10.31      57.       20
20121011.0000         1.76        11.63      52.       20
20121011.0300         1.74        11.44      54.       20
20121011.0600         1.73        11.18      53.       20
20121011.0900         1.70        11.06      53.       20
20121011.1200         1.65        10.97      53.       20
20121011.1500         1.61        10.91      53.       20
20121011.1800         1.59        10.88      53.       20
20121011.2100         1.56        10.87      54.       20
20121012.0000         1.55        10.87      55.       20
20121012.0300         1.55        10.85      55.       20
20121012.0600         1.54        10.83      56.       20
20121012.0900         1.57        10.80      56.       20
20121012.1200         1.60        10.73      56.       20
20121012.1500         1.61        10.61      57.       20
20121012.1800         1.58        9.38     114.       20
20121012.2100         1.55        9.30     115.       20
20121013.0000         1.53        9.11     114.       20
20121013.0300         1.57        8.87     104.       20
20121013.0600         1.64        8.65      71.       20
20121013.0900         1.71        8.45      32.       20
20121013.1200         1.73        8.42      34.       20
20121013.1500         1.73        8.38      47.       20
20121013.1800         1.72        8.32      69.       20
20121013.2100         1.73        8.32      76.       20
20121014.0000         1.79        8.78     123.       20
20121014.0300         1.89        8.42     121.       20
20121014.0600         2.02        8.19     119.       20
20121014.0900         2.22        8.27     108.       20
20121014.1200         2.49        9.33     118.       20
20121014.1500         2.75        9.65      86.       20
20121014.1800         2.92        9.55      57.       20
20121014.2100         2.98        9.34      40.       20
20121015.0000         3.00        9.23      47.       20
20121015.0300         2.97        9.17      57.       20
20121015.0600         2.92        9.10      71.       20
20121015.0900         2.86        9.02      89.       20
20121015.1200         2.89        8.96     108.       20
20121015.1500         3.03        8.96     122.       20
20121015.1800         3.21        9.17     130.       20
20121015.2100         3.41        10.13     149.       20
20121016.0000         3.61        10.83     160.       20
20121016.0300         3.73        12.17     167.       20
20121016.0600         3.78        11.92     168.       20
20121016.0900         4.02        12.00     168.       20
20121016.1200         4.56        12.18     168.       20
20121016.1500         5.91        12.53     165.       20
20121016.1800         8.63        13.28     171.       20
20121016.2100         7.98        12.98     170.       20
20121017.0000         5.71        11.93     162.       20
20121017.0300         4.18        11.17     158.       20
20121017.0600         3.51        10.75     157.       20
20121017.0900         3.11        10.13     153.       20
20121017.1200         2.90        9.87     152.       20
20121017.1500         2.71        9.42     148.       20
20121017.1800         2.53        9.14     147.       20
20121017.2100         2.40        9.01     145.       20
20121018.0000         2.32        8.83     140.       20
20121018.0300         2.28        8.50     136.       20
20121018.0600         2.23        8.37     135.       20
20121018.0900         2.18        8.28     133.       20
20121018.1200         2.15        8.20     126.       20
20121018.1500         2.14        8.12     114.       20
20121018.1800         2.14        8.02      88.       20
20121018.2100         2.14        7.88      33.       20
20121019.0000         2.16        8.47      57.       20
20121019.0300         2.18        8.93      65.       20
20121019.0600         2.19        9.06      62.       20
20121019.0900         2.18        9.13      62.       20
20121019.1200         2.15        9.09      63.       20
20121019.1500         2.12        9.04      66.       20
20121019.1800         2.08        9.00      68.       20
20121019.2100         2.06        9.00      70.       20
20121020.0000         2.04        9.01      72.       20
20121020.0300         2.02        9.01      74.       20
20121020.0600         2.00        9.00      76.       20
20121020.0900         1.96        8.98      79.       20
20121020.1200         1.91        8.95      81.       20
20121020.1500         1.86        8.91      84.       20
20121020.1800         1.80        8.88      87.       20
20121020.2100         1.73        8.85      91.       20
20121021.0000         1.64        8.83      95.       20
20121021.0300         1.55        8.80     101.       20
20121021.0600         1.47        8.78     106.       20
20121021.0900         1.41        8.78     111.       20
20121021.1200         1.36        8.79     114.       20
20121021.1500         1.32        8.80     116.       20
20121021.1800         1.29        8.80     116.       20
20121021.2100         1.27        8.77     115.       20
20121022.0000         1.25        8.71     115.       20
20121022.0300         1.25        8.64     112.       20
20121022.0600         1.25        8.58     112.       20
20121022.0900         1.26        8.54     112.       20
20121022.1200         1.26        8.54     111.       20
20121022.1500         1.27        8.56     111.       20
20121022.1800         1.31        8.58     111.       20
20121022.2100         1.35        8.62     111.       20
20121023.0000         1.41        8.68     113.       20
20121023.0300         1.50        8.70     113.       20
20121023.0600         1.59        8.68     113.       20
20121023.0900         1.69        8.54     109.       20
20121023.1200         1.87        8.09      64.       20
20121023.1500         2.02        7.98     313.       20
20121023.1800         2.06        7.87     343.       20
20121023.2100         2.09        7.74     344.       20
20121024.0000         2.12        7.80     350.       20
20121024.0300         2.12        8.68       7.       20
20121024.0600         2.09        8.55       4.       20
20121024.0900         2.05        8.49       2.       20
20121024.1200         2.02        8.43       2.       20
20121024.1500         1.98        8.35       3.       20
20121024.1800         1.95        8.28       5.       20
20121024.2100         1.91        8.20       7.       20
20121025.0000         1.86        8.14      11.       20
20121025.0300         1.82        8.13      13.       20
20121025.0600         1.77        9.54      23.       20
20121025.0900         1.73        9.45      21.       20
20121025.1200         1.70        9.47      23.       20
20121025.1500         1.66        9.54      41.       20
20121025.1800         1.60        9.14      39.       20
20121025.2100         1.56        8.42      23.       20
20121026.0000         1.52        8.26      28.       20
20121026.0300         1.47        9.64      85.       20
20121026.0600         1.45        9.61      90.       20
20121026.0900         1.41        9.54      95.       20
20121026.1200         1.37        9.38     103.       20
20121026.1500         1.33        9.31     104.       20
20121026.1800         1.32        9.26     105.       20
20121026.2100         1.34        9.22     105.       20
20121027.0000         1.39        9.17     105.       20
20121027.0300         1.52        5.49     107.       20
20121027.0600         1.75        5.06     117.       20
20121027.0900         2.16        8.16     168.       20
20121027.1200         2.54        10.98     229.       20
20121027.1500         2.98        10.86     237.       20
20121027.1800         3.87        10.42     217.       20
20121027.2100         4.18        10.33     216.       20
20121028.0000         4.01        10.33     222.       20
20121028.0300         3.87        10.32     228.       20
20121028.0600         3.89        10.38     231.       20
20121028.0900         4.03        10.25     231.       20
20121028.1200         4.19        10.29     232.       20
20121028.1500         4.61        12.15     260.       20
20121028.1800         5.12        12.22     255.       20
20121028.2100         5.71        13.04     256.       20
20121029.0000         6.38        13.43     258.       20
20121029.0300         7.11        14.07     261.       20
20121029.0600         7.40        14.24     263.       20
20121029.0900         7.52        14.14     265.       20
20121029.1200         7.52        14.02     268.       20
20121029.1500         7.24        13.60     270.       20
20121029.1800         6.83        13.24     274.       20
20121029.2100         6.43        13.04     277.       20
20121030.0000         6.06        12.66     281.       20
20121030.0300         5.67        12.18     284.       20
20121030.0600         5.23        11.96     287.       20
20121030.0900         4.78        11.70     290.       20
20121030.1200         4.45        11.23     289.       20
20121030.1500         4.23        11.17     291.       20
20121030.1800         4.00        11.13     293.       20
20121030.2100         3.76        10.99     295.       20
20121031.0000         3.52        10.76     297.       20
20121031.0300         3.31        10.26     293.       20
20121031.0600         3.17        10.16     294.       20
20121031.0900         3.10        10.17     295.       20
20121031.1200         3.09        10.13     296.       20
20121031.1500         3.14        10.12     299.       20
20121031.1800         3.24        10.39     305.       20
20121031.2100         3.43        11.23     333.       20
20121101.0000         3.59        11.59       4.       20
