TPAR 
20121001.0000         1.16        10.06      80.       20
20121001.0300         1.13        9.89      80.       20
20121001.0600         1.13        9.81      80.       20
20121001.0900         1.17        9.75      80.       20
20121001.1200         1.22        9.68      82.       20
20121001.1500         1.28        9.50      90.       20
20121001.1800         1.34        9.27      92.       20
20121001.2100         1.38        9.18      93.       20
20121002.0000         1.35        9.14      94.       20
20121002.0300         1.32        9.12      95.       20
20121002.0600         1.32        12.10      72.       20
20121002.0900         1.35        11.94      71.       20
20121002.1200         1.37        11.80      71.       20
20121002.1500         1.38        11.69      71.       20
20121002.1800         1.38        11.61      72.       20
20121002.2100         1.36        11.45      75.       20
20121003.0000         1.33        11.12      75.       20
20121003.0300         1.32        10.89      75.       20
20121003.0600         1.36        10.74      75.       20
20121003.0900         1.42        10.62      75.       20
20121003.1200         1.42        10.50      76.       20
20121003.1500         1.39        10.19      78.       20
20121003.1800         1.35        10.01      78.       20
20121003.2100         1.32        9.91      77.       20
20121004.0000         1.29        9.83      77.       20
20121004.0300         1.27        9.76      77.       20
20121004.0600         1.27        9.71      76.       20
20121004.0900         1.26        9.66      76.       20
20121004.1200         1.26        8.20     102.       20
20121004.1500         1.26        7.04     126.       20
20121004.1800         1.25        7.17     122.       20
20121004.2100         1.25        7.34     117.       20
20121005.0000         1.29        7.52     118.       20
20121005.0300         1.29        7.53     118.       20
20121005.0600         1.26        7.49     117.       20
20121005.0900         1.24        7.55     116.       20
20121005.1200         1.25        7.81     115.       20
20121005.1500         1.27        7.84     115.       20
20121005.1800         1.34        7.73     114.       20
20121005.2100         1.47        7.67     113.       20
20121006.0000         1.58        4.90      31.       20
20121006.0300         1.62        5.24      33.       20
20121006.0600         1.62        5.82      41.       20
20121006.0900         1.62        6.58      69.       20
20121006.1200         1.61        6.72      64.       20
20121006.1500         1.58        6.79      62.       20
20121006.1800         1.48        6.52      54.       20
20121006.2100         1.36        6.01      45.       20
20121007.0000         1.26        5.58      38.       20
20121007.0300         1.23        8.66      73.       20
20121007.0600         1.24        11.05      41.       20
20121007.0900         1.26        10.72      41.       20
20121007.1200         1.30        10.14      44.       20
20121007.1500         1.36        9.78      46.       20
20121007.1800         1.43        9.45      53.       20
20121007.2100         1.50        9.11      55.       20
20121008.0000         1.59        10.62      47.       20
20121008.0300         1.66        10.77      43.       20
20121008.0600         1.71        10.27      56.       20
20121008.0900         1.75        10.06      52.       20
20121008.1200         1.81        10.01      51.       20
20121008.1500         1.88        12.01      49.       20
20121008.1800         1.92        11.96      49.       20
20121008.2100         1.95        11.47      48.       20
20121009.0000         1.92        11.34      48.       20
20121009.0300         1.86        11.36      48.       20
20121009.0600         1.81        11.50      48.       20
20121009.0900         1.81        11.56      48.       20
20121009.1200         1.85        11.46      48.       20
20121009.1500         1.92        11.24      49.       20
20121009.1800         2.00        11.10      50.       20
20121009.2100         1.99        11.02      51.       20
20121010.0000         1.91        10.96      52.       20
20121010.0300         1.82        10.91      52.       20
20121010.0600         1.76        10.87      53.       20
20121010.0900         1.73        10.83      53.       20
20121010.1200         1.70        10.78      54.       20
20121010.1500         1.64        10.74      55.       20
20121010.1800         1.57        10.70      56.       20
20121010.2100         1.51        10.59      57.       20
20121011.0000         1.45        10.38      67.       20
20121011.0300         1.41        10.29      67.       20
20121011.0600         1.38        10.24      68.       20
20121011.0900         1.37        10.21      68.       20
20121011.1200         1.37        10.17      67.       20
20121011.1500         1.45        10.13      67.       20
20121011.1800         1.55        10.12      68.       20
20121011.2100         1.64        10.95      64.       20
20121012.0000         1.70        10.01     155.       20
20121012.0300         1.73        9.96      44.       20
20121012.0600         1.77        9.58      42.       20
20121012.0900         1.75        7.11      25.       20
20121012.1200         1.75        6.21      26.       20
20121012.1500         1.74        6.21      36.       20
20121012.1800         1.78        6.14      66.       20
20121012.2100         1.99        6.43     128.       20
20121013.0000         2.08        6.83     148.       20
20121013.0300         2.06        6.92     141.       20
20121013.0600         2.15        7.30      49.       20
20121013.0900         2.41        7.78      11.       20
20121013.1200         2.67        7.89       8.       20
20121013.1500         2.88        8.03      10.       20
20121013.1800         3.00        8.21      14.       20
20121013.2100         3.01        8.26      18.       20
20121014.0000         2.98        8.30      21.       20
20121014.0300         2.97        8.37      24.       20
20121014.0600         3.04        8.47      27.       20
20121014.0900         3.15        8.61      29.       20
20121014.1200         3.26        8.90      29.       20
20121014.1500         3.30        9.04      31.       20
20121014.1800         3.30        9.15      33.       20
20121014.2100         3.30        9.24      37.       20
20121015.0000         3.35        9.20      44.       20
20121015.0300         3.44        9.08      58.       20
20121015.0600         3.46        9.02      73.       20
20121015.0900         3.46        9.02      83.       20
20121015.1200         3.49        9.10      91.       20
20121015.1500         3.53        9.50     104.       20
20121015.1800         3.50        9.79     116.       20
20121015.2100         3.48        9.98     118.       20
20121016.0000         3.52        10.39     119.       20
20121016.0300         3.68        11.13     124.       20
20121016.0600         3.93        12.40     126.       20
20121016.0900         4.00        12.29     124.       20
20121016.1200         3.90        12.14     123.       20
20121016.1500         3.64        11.97     122.       20
20121016.1800         3.40        11.79     119.       20
20121016.2100         3.37        11.77     115.       20
20121017.0000         3.12        11.42     111.       20
20121017.0300         2.65        10.98     110.       20
20121017.0600         2.26        10.64     110.       20
20121017.0900         2.04        10.14     103.       20
20121017.1200         1.90        10.00     104.       20
20121017.1500         1.78        9.88     103.       20
20121017.1800         1.66        9.58     103.       20
20121017.2100         1.61        9.27     100.       20
20121018.0000         1.58        9.11     101.       20
20121018.0300         1.52        9.01     104.       20
20121018.0600         1.52        8.82     107.       20
20121018.0900         1.53        8.58      97.       20
20121018.1200         1.52        8.62      93.       20
20121018.1500         1.55        8.54      87.       20
20121018.1800         1.55        8.48      84.       20
20121018.2100         1.53        8.47      86.       20
20121019.0000         1.48        8.46      91.       20
20121019.0300         1.43        8.38      96.       20
20121019.0600         1.43        8.32     100.       20
20121019.0900         1.49        8.37     103.       20
20121019.1200         1.56        9.53     109.       20
20121019.1500         1.59        9.57     108.       20
20121019.1800         1.58        9.50     100.       20
20121019.2100         1.56        9.35      92.       20
20121020.0000         1.55        9.32      84.       20
20121020.0300         1.56        9.34      81.       20
20121020.0600         1.57        9.37      82.       20
20121020.0900         1.56        9.36      85.       20
20121020.1200         1.55        9.28      88.       20
20121020.1500         1.52        9.21      91.       20
20121020.1800         1.47        9.16      93.       20
20121020.2100         1.41        9.12      95.       20
20121021.0000         1.35        9.10      96.       20
20121021.0300         1.33        9.09      97.       20
20121021.0600         1.33        9.07      98.       20
20121021.0900         1.32        9.05      99.       20
20121021.1200         1.30        9.03     100.       20
20121021.1500         1.27        9.01     102.       20
20121021.1800         1.25        8.99     103.       20
20121021.2100         1.22        8.96     105.       20
20121022.0000         1.22        8.93     107.       20
20121022.0300         1.22        8.89     109.       20
20121022.0600         1.22        8.85     110.       20
20121022.0900         1.28        8.78     111.       20
20121022.1200         1.38        8.73     112.       20
20121022.1500         1.45        8.71     111.       20
20121022.1800         1.48        8.73     110.       20
20121022.2100         1.54        8.79     109.       20
20121023.0000         1.54        8.82     108.       20
20121023.0300         1.53        8.81     108.       20
20121023.0600         1.59        8.78     107.       20
20121023.0900         1.87        8.10      56.       20
20121023.1200         2.18        7.79      18.       20
20121023.1500         2.36        7.24      17.       20
20121023.1800         2.44        6.62      31.       20
20121023.2100         2.44        6.44      52.       20
20121024.0000         2.46        6.46      59.       20
20121024.0300         2.51        6.77      63.       20
20121024.0600         2.61        6.93      70.       20
20121024.0900         2.69        7.01      75.       20
20121024.1200         2.73        7.08      80.       20
20121024.1500         2.76        7.16      85.       20
20121024.1800         2.75        7.28      94.       20
20121024.2100         2.78        7.28      95.       20
20121025.0000         2.89        7.34      95.       20
20121025.0300         3.07        7.50      96.       20
20121025.0600         3.28        7.65      97.       20
20121025.0900         3.44        7.92     103.       20
20121025.1200         3.62        8.16     105.       20
20121025.1500         3.86        8.27     104.       20
20121025.1800         3.98        8.33     102.       20
20121025.2100         4.18        8.40     100.       20
20121026.0000         4.58        8.64     104.       20
20121026.0300         5.02        8.92     107.       20
20121026.0600         5.52        9.13     105.       20
20121026.0900         5.78        9.29     107.       20
20121026.1200         5.83        9.64     122.       20
20121026.1500         5.79        10.58     172.       20
20121026.1800         5.65        10.06     165.       20
20121026.2100         5.64        10.02     169.       20
20121027.0000         5.52        9.99     171.       20
20121027.0300         5.43        9.94     172.       20
20121027.0600         5.46        9.90     174.       20
20121027.0900         5.52        9.84     178.       20
20121027.1200         5.71        9.79     185.       20
20121027.1500         5.96        9.81     198.       20
20121027.1800         6.66        10.21     217.       20
20121027.2100         7.21        10.96     233.       20
20121028.0000         7.89        11.64     247.       20
20121028.0300         8.09        11.87     255.       20
20121028.0600         8.34        12.10     262.       20
20121028.0900         8.67        12.34     266.       20
20121028.1200         8.93        12.85     272.       20
20121028.1500         8.71        12.85     279.       20
20121028.1800         8.07        12.31     286.       20
20121028.2100         7.66        12.14     293.       20
20121029.0000         7.29        11.95     299.       20
20121029.0300         6.87        11.72     305.       20
20121029.0600         6.47        11.31     303.       20
20121029.0900         6.13        11.14     307.       20
20121029.1200         5.68        11.05     311.       20
20121029.1500         5.18        10.99     316.       20
20121029.1800         4.71        10.93     320.       20
20121029.2100         4.34        10.75     324.       20
20121030.0000         4.06        10.36     316.       20
20121030.0300         3.86        10.17     317.       20
20121030.0600         3.76        10.10     317.       20
20121030.0900         3.65        10.04     316.       20
20121030.1200         3.56        10.02     315.       20
20121030.1500         3.46        9.56     307.       20
20121030.1800         3.28        9.34     301.       20
20121030.2100         3.15        9.19     299.       20
20121031.0000         3.15        9.04     297.       20
20121031.0300         3.15        8.98     296.       20
20121031.0600         3.20        9.04     295.       20
20121031.0900         3.25        9.13     295.       20
20121031.1200         3.21        9.21     295.       20
20121031.1500         3.13        9.30     295.       20
20121031.1800         3.13        9.46     296.       20
20121031.2100         3.15        9.55     300.       20
20121101.0000         3.10        9.45     297.       20
