TPAR 
20121001.0000         1.29        9.19      91.       20
20121001.0300         1.28        9.15      93.       20
20121001.0600         1.29        9.13      96.       20
20121001.0900         1.31        9.13      98.       20
20121001.1200         1.32        12.12      78.       20
20121001.1500         1.34        12.24      72.       20
20121001.1800         1.35        11.99      69.       20
20121001.2100         1.35        11.86      67.       20
20121002.0000         1.36        11.76      67.       20
20121002.0300         1.38        11.63      67.       20
20121002.0600         1.39        11.26      73.       20
20121002.0900         1.38        10.97      72.       20
20121002.1200         1.35        10.79      71.       20
20121002.1500         1.33        10.66      71.       20
20121002.1800         1.31        10.50      70.       20
20121002.2100         1.28        10.18      76.       20
20121003.0000         1.24        10.03      75.       20
20121003.0300         1.20        9.93      74.       20
20121003.0600         1.16        9.85      73.       20
20121003.0900         1.14        9.79      72.       20
20121003.1200         1.12        9.75      71.       20
20121003.1500         1.11        9.71      70.       20
20121003.1800         1.09        9.68      68.       20
20121003.2100         1.08        9.65      66.       20
20121004.0000         1.11        8.39      93.       20
20121004.0300         1.16        7.83     105.       20
20121004.0600         1.20        7.41     108.       20
20121004.0900         1.20        7.37     109.       20
20121004.1200         1.20        10.63      64.       20
20121004.1500         1.21        10.71      62.       20
20121004.1800         1.23        10.37      64.       20
20121004.2100         1.25        10.06      64.       20
20121005.0000         1.26        9.93      65.       20
20121005.0300         1.30        9.81      66.       20
20121005.0600         1.40        9.61      69.       20
20121005.0900         1.68        4.77     342.       20
20121005.1200         1.98        5.47      58.       20
20121005.1500         2.11        6.05      11.       20
20121005.1800         2.07        6.42      13.       20
20121005.2100         1.97        6.95      25.       20
20121006.0000         1.81        6.76      29.       20
20121006.0300         1.66        6.41      20.       20
20121006.0600         1.56        6.14      19.       20
20121006.0900         1.51        5.78      15.       20
20121006.1200         1.54        5.66      14.       20
20121006.1500         1.64        11.92      34.       20
20121006.1800         1.78        11.66      34.       20
20121006.2100         1.89        11.11      32.       20
20121007.0000         1.94        10.48      38.       20
20121007.0300         1.93        10.03      40.       20
20121007.0600         1.90        9.85      42.       20
20121007.0900         1.89        9.69      45.       20
20121007.1200         1.89        9.36      50.       20
20121007.1500         1.88        10.83      43.       20
20121007.1800         1.89        10.36      49.       20
20121007.2100         1.93        10.04      49.       20
20121008.0000         1.98        10.05      48.       20
20121008.0300         2.01        11.45      41.       20
20121008.0600         2.02        11.06      40.       20
20121008.0900         2.00        11.02      39.       20
20121008.1200         1.97        10.98      38.       20
20121008.1500         1.94        11.00      38.       20
20121008.1800         1.91        11.20      39.       20
20121008.2100         1.89        11.39      39.       20
20121009.0000         1.87        11.30      40.       20
20121009.0300         1.84        11.15      41.       20
20121009.0600         1.80        11.04      42.       20
20121009.0900         1.76        10.97      43.       20
20121009.1200         1.74        10.93      43.       20
20121009.1500         1.77        10.90      44.       20
20121009.1800         1.85        10.89      44.       20
20121009.2100         1.94        10.87      45.       20
20121010.0000         1.96        10.87      46.       20
20121010.0300         1.95        10.90      48.       20
20121010.0600         1.94        10.94      49.       20
20121010.0900         1.94        10.94      50.       20
20121010.1200         1.96        10.89      51.       20
20121010.1500         1.97        10.79      52.       20
20121010.1800         1.97        10.64      52.       20
20121010.2100         1.94        10.41      55.       20
20121011.0000         1.89        10.28      55.       20
20121011.0300         1.85        10.23      56.       20
20121011.0600         1.83        10.26      57.       20
20121011.0900         1.82        11.62      50.       20
20121011.1200         1.79        11.43      51.       20
20121011.1500         1.75        11.09      51.       20
20121011.1800         1.73        10.98      51.       20
20121011.2100         1.71        10.93      51.       20
20121012.0000         1.70        10.92      52.       20
20121012.0300         1.70        10.93      52.       20
20121012.0600         1.71        10.92      52.       20
20121012.0900         1.72        10.88      52.       20
20121012.1200         1.72        10.81      52.       20
20121012.1500         1.73        10.77      53.       20
20121012.1800         1.71        10.74      54.       20
20121012.2100         1.65        10.70      55.       20
20121013.0000         1.60        9.27     107.       20
20121013.0300         1.56        9.19     111.       20
20121013.0600         1.56        9.16     113.       20
20121013.0900         1.59        9.09     110.       20
20121013.1200         1.67        8.96     107.       20
20121013.1500         1.78        8.80     109.       20
20121013.1800         1.89        8.68     109.       20
20121013.2100         1.97        8.61      91.       20
20121014.0000         2.06        8.70     119.       20
20121014.0300         2.24        9.00     125.       20
20121014.0600         2.50        9.48     131.       20
20121014.0900         2.70        9.73     140.       20
20121014.1200         2.85        9.73     142.       20
20121014.1500         2.96        9.65     143.       20
20121014.1800         3.03        9.59     141.       20
20121014.2100         3.11        9.69     135.       20
20121015.0000         3.20        9.71     127.       20
20121015.0300         3.31        9.66     125.       20
20121015.0600         3.46        9.62     128.       20
20121015.0900         3.59        9.89     131.       20
20121015.1200         3.83        10.12     133.       20
20121015.1500         4.10        10.70     145.       20
20121015.1800         4.42        11.20     147.       20
20121015.2100         4.68        11.95     155.       20
20121016.0000         4.81        11.96     156.       20
20121016.0300         5.13        12.06     157.       20
20121016.0600         5.81        12.04     156.       20
20121016.0900         7.56        12.30     152.       20
20121016.1200         7.94        12.26     151.       20
20121016.1500         6.20        11.88     149.       20
20121016.1800         5.20        11.08     147.       20
20121016.2100         4.19        10.60     146.       20
20121017.0000         3.67        9.84     136.       20
20121017.0300         3.24        9.54     134.       20
20121017.0600         2.93        9.09     124.       20
20121017.0900         2.75        8.95     127.       20
20121017.1200         2.53        8.82     132.       20
20121017.1500         2.35        8.51     125.       20
20121017.1800         2.20        8.33     122.       20
20121017.2100         2.05        8.27     121.       20
20121018.0000         1.91        8.29     123.       20
20121018.0300         1.82        8.45     124.       20
20121018.0600         1.75        8.42     124.       20
20121018.0900         1.69        8.23     121.       20
20121018.1200         1.67        8.01     114.       20
20121018.1500         1.67        7.69     105.       20
20121018.1800         1.68        7.61      87.       20
20121018.2100         1.71        7.79      62.       20
20121019.0000         1.75        8.05      59.       20
20121019.0300         1.79        8.18      61.       20
20121019.0600         1.82        8.68      91.       20
20121019.0900         1.87        8.93      87.       20
20121019.1200         1.96        9.08      80.       20
20121019.1500         2.03        9.15      75.       20
20121019.1800         2.03        9.16      73.       20
20121019.2100         1.98        9.13      73.       20
20121020.0000         1.93        9.08      73.       20
20121020.0300         1.87        9.07      73.       20
20121020.0600         1.82        9.07      75.       20
20121020.0900         1.78        9.08      76.       20
20121020.1200         1.75        9.07      78.       20
20121020.1500         1.70        9.05      80.       20
20121020.1800         1.66        9.02      83.       20
20121020.2100         1.60        8.98      85.       20
20121021.0000         1.55        8.94      86.       20
20121021.0300         1.51        8.90      88.       20
20121021.0600         1.47        8.84      90.       20
20121021.0900         1.43        8.76      92.       20
20121021.1200         1.40        8.64      89.       20
20121021.1500         1.36        8.55      92.       20
20121021.1800         1.33        8.51      94.       20
20121021.2100         1.30        8.50      97.       20
20121022.0000         1.27        8.51     100.       20
20121022.0300         1.24        8.51     102.       20
20121022.0600         1.21        8.49     103.       20
20121022.0900         1.18        8.47     104.       20
20121022.1200         1.16        8.46     105.       20
20121022.1500         1.13        8.47     105.       20
20121022.1800         1.14        8.50     106.       20
20121022.2100         1.16        8.55     106.       20
20121023.0000         1.20        8.62     105.       20
20121023.0300         1.26        8.66     105.       20
20121023.0600         1.33        8.63     105.       20
20121023.0900         1.42        8.57     105.       20
20121023.1200         1.56        8.52     105.       20
20121023.1500         1.78        8.17      96.       20
20121023.1800         1.99        8.18      84.       20
20121023.2100         2.11        8.04      30.       20
20121024.0000         2.10        7.74     357.       20
20121024.0300         2.03        7.59       1.       20
20121024.0600         2.03        7.59       7.       20
20121024.0900         2.10        8.74      39.       20
20121024.1200         2.15        8.84      34.       20
20121024.1500         2.17        8.69      31.       20
20121024.1800         2.19        8.46      33.       20
20121024.2100         2.21        8.35      30.       20
20121025.0000         2.27        8.19      29.       20
20121025.0300         2.32        6.18      73.       20
20121025.0600         2.33        6.28      76.       20
20121025.0900         2.34        6.31      77.       20
20121025.1200         2.35        6.32      79.       20
20121025.1500         2.34        6.35      81.       20
20121025.1800         2.34        6.36      83.       20
20121025.2100         2.33        6.38      85.       20
20121026.0000         2.29        6.39      89.       20
20121026.0300         2.21        6.41      91.       20
20121026.0600         2.22        6.36      95.       20
20121026.0900         2.36        6.40     100.       20
20121026.1200         2.34        6.41     104.       20
20121026.1500         2.15        6.24     108.       20
20121026.1800         2.04        6.02     116.       20
20121026.2100         2.02        5.91     128.       20
20121027.0000         2.17        5.90     126.       20
20121027.0300         2.62        6.04     127.       20
20121027.0600         3.47        7.22     165.       20
20121027.0900         4.24        8.76     200.       20
20121027.1200         4.09        9.39     205.       20
20121027.1500         3.81        9.65     216.       20
20121027.1800         3.66        9.53     208.       20
20121027.2100         3.70        9.69     218.       20
20121028.0000         3.90        9.85     222.       20
20121028.0300         4.06        9.96     230.       20
20121028.0600         4.20        10.06     238.       20
20121028.0900         4.45        10.57     247.       20
20121028.1200         4.93        11.75     268.       20
20121028.1500         5.40        12.08     269.       20
20121028.1800         5.81        12.45     269.       20
20121028.2100         6.25        12.95     274.       20
20121029.0000         6.65        13.34     274.       20
20121029.0300         6.84        13.71     276.       20
20121029.0600         6.85        13.48     278.       20
20121029.0900         6.84        13.35     282.       20
20121029.1200         6.72        13.28     287.       20
20121029.1500         6.40        13.16     291.       20
20121029.1800         6.02        12.89     295.       20
20121029.2100         5.66        12.34     298.       20
20121030.0000         5.33        12.13     300.       20
20121030.0300         4.97        11.98     303.       20
20121030.0600         4.57        11.78     306.       20
20121030.0900         4.22        11.39     309.       20
20121030.1200         3.95        11.10     310.       20
20121030.1500         3.77        10.96     311.       20
20121030.1800         3.64        10.89     312.       20
20121030.2100         3.47        10.83     312.       20
20121031.0000         3.27        10.59     312.       20
20121031.0300         3.08        10.30     311.       20
20121031.0600         2.94        10.18     310.       20
20121031.0900         2.82        10.10     308.       20
20121031.1200         2.72        9.97     305.       20
20121031.1500         2.65        9.84     305.       20
20121031.1800         2.63        9.84     306.       20
20121031.2100         2.73        10.19     308.       20
20121101.0000         2.92        10.74     328.       20
