TPAR 
20121001.0000         1.21        9.80      78.       20
20121001.0300         1.17        9.74      79.       20
20121001.0600         1.14        9.63      81.       20
20121001.0900         1.13        9.38      90.       20
20121001.1200         1.12        9.21      91.       20
20121001.1500         1.12        9.14      91.       20
20121001.1800         1.13        9.11      93.       20
20121001.2100         1.15        9.11      94.       20
20121002.0000         1.16        12.19      72.       20
20121002.0300         1.18        12.02      70.       20
20121002.0600         1.21        11.86      69.       20
20121002.0900         1.26        11.74      70.       20
20121002.1200         1.29        11.65      71.       20
20121002.1500         1.32        11.51      74.       20
20121002.1800         1.36        11.14      74.       20
20121002.2100         1.37        10.91      74.       20
20121003.0000         1.37        10.75      74.       20
20121003.0300         1.36        10.63      74.       20
20121003.0600         1.40        10.50      75.       20
20121003.0900         1.44        10.18      77.       20
20121003.1200         1.43        10.01      77.       20
20121003.1500         1.37        9.91      76.       20
20121003.1800         1.31        9.84      76.       20
20121003.2100         1.26        9.77      76.       20
20121004.0000         1.23        9.71      75.       20
20121004.0300         1.24        9.66      74.       20
20121004.0600         1.25        8.93      87.       20
20121004.0900         1.23        6.95     127.       20
20121004.1200         1.23        7.04     125.       20
20121004.1500         1.25        7.29     116.       20
20121004.1800         1.27        7.44     117.       20
20121004.2100         1.28        7.44     118.       20
20121005.0000         1.29        7.44     117.       20
20121005.0300         1.28        7.58     115.       20
20121005.0600         1.26        7.80     114.       20
20121005.0900         1.26        7.77     114.       20
20121005.1200         1.28        7.70     113.       20
20121005.1500         1.33        7.70     113.       20
20121005.1800         1.45        4.59      28.       20
20121005.2100         1.64        5.08      24.       20
20121006.0000         1.76        5.46      26.       20
20121006.0300         1.91        5.79      24.       20
20121006.0600         1.99        6.24      32.       20
20121006.0900         1.91        6.30      30.       20
20121006.1200         1.77        6.16      28.       20
20121006.1500         1.66        5.82      23.       20
20121006.1800         1.54        5.66      20.       20
20121006.2100         1.47        5.50      19.       20
20121007.0000         1.45        11.29      39.       20
20121007.0300         1.47        11.02      39.       20
20121007.0600         1.48        10.66      39.       20
20121007.0900         1.49        10.07      44.       20
20121007.1200         1.52        9.77      48.       20
20121007.1500         1.58        9.61      55.       20
20121007.1800         1.63        9.35      54.       20
20121007.2100         1.64        10.80      42.       20
20121008.0000         1.65        10.65      43.       20
20121008.0300         1.69        10.18      52.       20
20121008.0600         1.77        10.03      50.       20
20121008.0900         1.85        11.95      47.       20
20121008.1200         1.90        12.15      48.       20
20121008.1500         1.92        12.19      47.       20
20121008.1800         1.91        11.23      45.       20
20121008.2100         1.87        11.22      46.       20
20121009.0000         1.84        11.38      46.       20
20121009.0300         1.82        11.60      47.       20
20121009.0600         1.82        11.61      47.       20
20121009.0900         1.81        11.55      47.       20
20121009.1200         1.80        11.27      48.       20
20121009.1500         1.78        11.12      49.       20
20121009.1800         1.75        11.03      50.       20
20121009.2100         1.70        10.97      51.       20
20121010.0000         1.65        10.93      51.       20
20121010.0300         1.61        10.89      52.       20
20121010.0600         1.59        10.86      52.       20
20121010.0900         1.56        10.83      53.       20
20121010.1200         1.54        10.82      54.       20
20121010.1500         1.53        10.83      55.       20
20121010.1800         1.54        10.81      56.       20
20121010.2100         1.55        10.72      56.       20
20121011.0000         1.53        10.57      57.       20
20121011.0300         1.52        10.41      64.       20
20121011.0600         1.50        10.30      63.       20
20121011.0900         1.48        10.23      63.       20
20121011.1200         1.46        10.20      63.       20
20121011.1500         1.44        10.22      64.       20
20121011.1800         1.43        11.70      56.       20
20121011.2100         1.43        11.60      57.       20
20121012.0000         1.46        11.18      55.       20
20121012.0300         1.48        10.99      54.       20
20121012.0600         1.50        10.92      54.       20
20121012.0900         1.53        10.90      55.       20
20121012.1200         1.57        10.91      55.       20
20121012.1500         1.62        10.93      55.       20
20121012.1800         1.67        6.00     122.       20
20121012.2100         1.72        6.10     140.       20
20121013.0000         1.81        6.42     150.       20
20121013.0300         1.90        6.85     170.       20
20121013.0600         1.94        6.96     172.       20
20121013.0900         1.94        7.46      46.       20
20121013.1200         1.92        7.87      26.       20
20121013.1500         1.91        7.97       9.       20
20121013.1800         1.96        7.87      11.       20
20121013.2100         2.03        7.84      11.       20
20121014.0000         2.12        8.05      21.       20
20121014.0300         2.24        8.64      37.       20
20121014.0600         2.40        8.77      44.       20
20121014.0900         2.61        8.86      41.       20
20121014.1200         2.83        9.16      40.       20
20121014.1500         3.06        9.67      39.       20
20121014.1800         3.35        9.62      51.       20
20121014.2100         3.56        9.31      76.       20
20121015.0000         3.66        9.25      86.       20
20121015.0300         3.68        9.26      90.       20
20121015.0600         3.64        9.29      92.       20
20121015.0900         3.67        9.47      96.       20
20121015.1200         3.72        9.67     119.       20
20121015.1500         3.77        9.86     122.       20
20121015.1800         3.84        10.05     123.       20
20121015.2100         3.96        10.58     132.       20
20121016.0000         4.25        11.58     133.       20
20121016.0300         4.44        12.22     134.       20
20121016.0600         4.44        12.20     133.       20
20121016.0900         4.26        12.08     132.       20
20121016.1200         3.96        11.94     128.       20
20121016.1500         3.98        12.05     124.       20
20121016.1800         3.89        12.05     121.       20
20121016.2100         3.34        11.37     116.       20
20121017.0000         2.82        10.87     115.       20
20121017.0300         2.48        10.24     104.       20
20121017.0600         2.23        10.00     106.       20
20121017.0900         2.03        9.85     105.       20
20121017.1200         1.87        9.41      98.       20
20121017.1500         1.74        9.19     103.       20
20121017.1800         1.60        9.06     107.       20
20121017.2100         1.51        8.89     112.       20
20121018.0000         1.46        8.62     106.       20
20121018.0300         1.43        8.70     114.       20
20121018.0600         1.45        8.80     113.       20
20121018.0900         1.52        8.74     112.       20
20121018.1200         1.61        8.15     105.       20
20121018.1500         1.68        7.94      71.       20
20121018.1800         1.65        8.17      85.       20
20121018.2100         1.61        8.12      85.       20
20121019.0000         1.58        8.01      87.       20
20121019.0300         1.58        7.77      67.       20
20121019.0600         1.60        7.62      74.       20
20121019.0900         1.61        7.58      79.       20
20121019.1200         1.60        9.23      99.       20
20121019.1500         1.60        9.21      92.       20
20121019.1800         1.63        9.21      83.       20
20121019.2100         1.67        9.22      78.       20
20121020.0000         1.72        9.24      79.       20
20121020.0300         1.75        9.21      82.       20
20121020.0600         1.73        9.15      85.       20
20121020.0900         1.69        9.08      88.       20
20121020.1200         1.64        9.06      91.       20
20121020.1500         1.61        9.06      93.       20
20121020.1800         1.58        9.07      96.       20
20121020.2100         1.53        9.08      97.       20
20121021.0000         1.48        9.09      99.       20
20121021.0300         1.43        9.08     100.       20
20121021.0600         1.41        9.05     101.       20
20121021.0900         1.42        9.01     102.       20
20121021.1200         1.43        8.98     103.       20
20121021.1500         1.39        8.94     105.       20
20121021.1800         1.33        8.91     107.       20
20121021.2100         1.28        8.86     109.       20
20121022.0000         1.23        8.79     110.       20
20121022.0300         1.19        8.72     111.       20
20121022.0600         1.17        8.66     108.       20
20121022.0900         1.17        8.67     111.       20
20121022.1200         1.22        8.73     110.       20
20121022.1500         1.32        8.77     109.       20
20121022.1800         1.41        8.78     108.       20
20121022.2100         1.42        8.74     108.       20
20121023.0000         1.41        8.67     108.       20
20121023.0300         1.42        8.59     104.       20
20121023.0600         1.46        8.56     104.       20
20121023.0900         1.61        8.48      94.       20
20121023.1200         2.02        8.11      33.       20
20121023.1500         2.29        7.54       4.       20
20121023.1800         2.36        6.38      41.       20
20121023.2100         2.36        6.35      48.       20
20121024.0000         2.37        6.40      55.       20
20121024.0300         2.38        6.49      59.       20
20121024.0600         2.38        6.56      63.       20
20121024.0900         2.38        6.61      68.       20
20121024.1200         2.41        6.53      73.       20
20121024.1500         2.48        6.64      79.       20
20121024.1800         2.53        6.83      82.       20
20121024.2100         2.59        6.90      85.       20
20121025.0000         2.71        6.98      88.       20
20121025.0300         2.85        7.20      96.       20
20121025.0600         3.00        7.44     101.       20
20121025.0900         3.15        7.53     102.       20
20121025.1200         3.31        7.60     101.       20
20121025.1500         3.44        7.72     100.       20
20121025.1800         3.51        7.95     106.       20
20121025.2100         3.71        8.15     106.       20
20121026.0000         3.95        8.25     107.       20
20121026.0300         4.18        8.29     107.       20
20121026.0600         4.30        8.36     107.       20
20121026.0900         4.47        8.57     108.       20
20121026.1200         4.47        8.81     116.       20
20121026.1500         4.67        8.71     128.       20
20121026.1800         5.27        9.58     162.       20
20121026.2100         5.47        9.85     174.       20
20121027.0000         5.34        9.81     175.       20
20121027.0300         5.13        9.71     176.       20
20121027.0600         4.93        9.54     175.       20
20121027.0900         4.88        9.47     179.       20
20121027.1200         4.96        9.61     192.       20
20121027.1500         5.05        9.63     198.       20
20121027.1800         5.36        9.77     205.       20
20121027.2100         5.76        9.93     212.       20
20121028.0000         6.32        10.31     220.       20
20121028.0300         6.72        11.02     237.       20
20121028.0600         7.22        11.89     252.       20
20121028.0900         7.65        12.06     256.       20
20121028.1200         8.05        12.37     261.       20
20121028.1500         8.29        13.05     269.       20
20121028.1800         8.44        13.23     273.       20
20121028.2100         8.29        13.05     278.       20
20121029.0000         7.92        12.76     284.       20
20121029.0300         7.52        12.47     287.       20
20121029.0600         7.11        12.25     293.       20
20121029.0900         6.64        12.06     298.       20
20121029.1200         6.26        11.95     303.       20
20121029.1500         5.84        11.81     307.       20
20121029.1800         5.35        11.43     304.       20
20121029.2100         4.86        11.13     308.       20
20121030.0000         4.45        10.99     311.       20
20121030.0300         4.16        10.86     314.       20
20121030.0600         3.96        10.54     312.       20
20121030.0900         3.82        10.28     308.       20
20121030.1200         3.68        10.25     309.       20
20121030.1500         3.54        10.30     310.       20
20121030.1800         3.42        10.43     309.       20
20121030.2100         3.32        10.13     308.       20
20121031.0000         3.18        9.77     308.       20
20121031.0300         3.05        9.51     295.       20
20121031.0600         3.05        9.45     294.       20
20121031.0900         3.13        9.42     293.       20
20121031.1200         3.13        9.42     293.       20
20121031.1500         3.09        9.49     294.       20
20121031.1800         3.04        9.68     302.       20
20121031.2100         2.98        9.93     302.       20
20121101.0000         2.96        10.16     302.       20
