TPAR 
20121001.0000         1.00        11.60      76.       20
20121001.0300         1.01        11.52      76.       20
20121001.0600         1.05        11.23      76.       20
20121001.0900         1.09        11.00      75.       20
20121001.1200         1.07        10.86      75.       20
20121001.1500         1.04        10.78      75.       20
20121001.1800         1.09        10.75      75.       20
20121001.2100         1.20        10.71      75.       20
20121002.0000         1.23        6.81     132.       20
20121002.0300         1.25        6.26     142.       20
20121002.0600         1.39        5.25     163.       20
20121002.0900         1.49        5.54     164.       20
20121002.1200         1.61        5.80     166.       20
20121002.1500         1.55        6.14     164.       20
20121002.1800         1.43        6.15     164.       20
20121002.2100         1.33        6.07     165.       20
20121003.0000         1.22        5.99     165.       20
20121003.0300         1.14        6.96     149.       20
20121003.0600         1.08        12.01      75.       20
20121003.0900         1.11        11.91      75.       20
20121003.1200         1.09        11.81      76.       20
20121003.1500         0.97        11.74      76.       20
20121003.1800         0.90        11.70      76.       20
20121003.2100         0.86        11.63      76.       20
20121004.0000         0.83        11.41      77.       20
20121004.0300         0.81        11.08      77.       20
20121004.0600         0.80        10.88      77.       20
20121004.0900         0.87        10.77      77.       20
20121004.1200         0.95        10.67      76.       20
20121004.1500         0.95        10.54      76.       20
20121004.1800         0.91        10.29      77.       20
20121004.2100         0.87        10.11      77.       20
20121005.0000         0.82        10.01      77.       20
20121005.0300         0.78        9.94      77.       20
20121005.0600         0.78        9.88      77.       20
20121005.0900         0.76        9.82      76.       20
20121005.1200         0.72        9.79      76.       20
20121005.1500         0.70        9.76      76.       20
20121005.1800         0.69        9.73      75.       20
20121005.2100         0.70        9.66      74.       20
20121006.0000         0.74        8.35      86.       20
20121006.0300         0.79        8.17      87.       20
20121006.0600         0.80        8.10      89.       20
20121006.0900         0.78        8.07      92.       20
20121006.1200         0.76        8.03      94.       20
20121006.1500         0.76        8.00      96.       20
20121006.1800         0.75        7.99      98.       20
20121006.2100         0.75        7.97      99.       20
20121007.0000         0.77        7.91      99.       20
20121007.0300         0.80        7.74      99.       20
20121007.0600         0.77        7.60      99.       20
20121007.0900         0.74        7.52      99.       20
20121007.1200         0.74        7.46      99.       20
20121007.1500         0.75        7.45      98.       20
20121007.1800         0.75        7.51      98.       20
20121007.2100         0.76        7.60      98.       20
20121008.0000         0.76        7.65      97.       20
20121008.0300         0.74        7.74      97.       20
20121008.0600         0.72        9.30      70.       20
20121008.0900         0.72        9.86      55.       20
20121008.1200         0.75        11.99      52.       20
20121008.1500         0.79        11.82      51.       20
20121008.1800         0.83        11.27      52.       20
20121008.2100         0.88        11.07      52.       20
20121009.0000         0.91        10.87      52.       20
20121009.0300         0.95        10.22      59.       20
20121009.0600         1.00        10.11      59.       20
20121009.0900         1.04        11.99      56.       20
20121009.1200         1.08        11.82      56.       20
20121009.1500         1.11        11.51      57.       20
20121009.1800         1.22        11.35      56.       20
20121009.2100         1.27        11.27      55.       20
20121010.0000         1.35        11.20      54.       20
20121010.0300         1.46        11.11      54.       20
20121010.0600         1.49        11.02      53.       20
20121010.0900         1.48        10.95      52.       20
20121010.1200         1.48        10.90      52.       20
20121010.1500         1.50        10.87      51.       20
20121010.1800         1.50        10.86      51.       20
20121010.2100         1.45        10.84      51.       20
20121011.0000         1.40        10.82      52.       20
20121011.0300         1.34        10.79      52.       20
20121011.0600         1.26        10.75      52.       20
20121011.0900         1.27        10.72      53.       20
20121011.1200         1.38        10.61      54.       20
20121011.1500         1.48        4.81      33.       20
20121011.1800         1.50        5.16      40.       20
20121011.2100         1.54        5.35      41.       20
20121012.0000         1.64        5.64      45.       20
20121012.0300         1.78        5.74      42.       20
20121012.0600         1.95        6.14      48.       20
20121012.0900         2.05        6.38      45.       20
20121012.1200         2.09        6.88      51.       20
20121012.1500         2.09        6.88      48.       20
20121012.1800         2.08        6.72      44.       20
20121012.2100         2.09        6.50      38.       20
20121013.0000         2.09        6.42      36.       20
20121013.0300         2.17        6.50      36.       20
20121013.0600         2.26        6.86      43.       20
20121013.0900         2.32        6.96      44.       20
20121013.1200         2.46        7.04      45.       20
20121013.1500         2.64        7.51      52.       20
20121013.1800         2.77        7.69      53.       20
20121013.2100         2.90        7.95      57.       20
20121014.0000         3.05        8.24      60.       20
20121014.0300         3.22        8.33      62.       20
20121014.0600         3.37        8.57      63.       20
20121014.0900         3.49        9.03      65.       20
20121014.1200         3.56        9.24      63.       20
20121014.1500         3.55        9.40      62.       20
20121014.1800         3.47        9.49      62.       20
20121014.2100         3.33        9.47      63.       20
20121015.0000         3.17        9.34      64.       20
20121015.0300         3.01        9.24      63.       20
20121015.0600         2.84        9.18      62.       20
20121015.0900         2.67        9.10      61.       20
20121015.1200         2.49        9.01      61.       20
20121015.1500         2.31        8.92      61.       20
20121015.1800         2.15        8.78      62.       20
20121015.2100         2.02        8.60      63.       20
20121016.0000         1.92        8.55      64.       20
20121016.0300         1.83        8.47      64.       20
20121016.0600         1.77        8.40      64.       20
20121016.0900         1.73        8.39      66.       20
20121016.1200         1.73        8.44      70.       20
20121016.1500         1.76        8.59      79.       20
20121016.1800         1.82        9.47      92.       20
20121016.2100         1.90        9.94      99.       20
20121017.0000         2.00        12.55     105.       20
20121017.0300         2.10        12.95     105.       20
20121017.0600         2.14        12.35     105.       20
20121017.0900         2.11        12.00     104.       20
20121017.1200         2.09        11.82     103.       20
20121017.1500         2.06        11.26     100.       20
20121017.1800         1.99        10.93     100.       20
20121017.2100         1.90        11.01      98.       20
20121018.0000         1.81        10.94      97.       20
20121018.0300         1.68        10.80      96.       20
20121018.0600         1.54        10.54      96.       20
20121018.0900         1.43        10.05      95.       20
20121018.1200         1.34        9.97      94.       20
20121018.1500         1.25        9.96      92.       20
20121018.1800         1.19        9.90      90.       20
20121018.2100         1.15        9.78      88.       20
20121019.0000         1.11        9.66      87.       20
20121019.0300         1.05        9.23      87.       20
20121019.0600         0.98        9.06      87.       20
20121019.0900         0.90        9.01      87.       20
20121019.1200         0.92        8.99      89.       20
20121019.1500         0.80        9.01      92.       20
20121019.1800         0.73        9.13      94.       20
20121019.2100         0.69        9.20      94.       20
20121020.0000         0.66        9.18      95.       20
20121020.0300         0.64        9.11      95.       20
20121020.0600         0.63        9.04      95.       20
20121020.0900         0.62        8.98      95.       20
20121020.1200         0.80        8.91      95.       20
20121020.1500         0.96        9.27      91.       20
20121020.1800         1.07        7.09     204.       20
20121020.2100         0.98        9.65      85.       20
20121021.0000         0.88        9.60      84.       20
20121021.0300         0.81        9.58      84.       20
20121021.0600         0.76        9.55      86.       20
20121021.0900         0.75        9.48      86.       20
20121021.1200         0.80        9.38      86.       20
20121021.1500         0.84        9.29      87.       20
20121021.1800         0.87        9.22      89.       20
20121021.2100         0.93        9.16      90.       20
20121022.0000         1.00        9.11      91.       20
20121022.0300         1.07        9.07      92.       20
20121022.0600         1.14        9.05      92.       20
20121022.0900         1.21        8.25      87.       20
20121022.1200         1.28        6.94      77.       20
20121022.1500         1.41        4.71      65.       20
20121022.1800         1.56        5.07      70.       20
20121022.2100         1.74        5.29      63.       20
20121023.0000         1.93        5.65      64.       20
20121023.0300         2.03        5.83      61.       20
20121023.0600         2.05        6.13      72.       20
20121023.0900         2.02        6.28      75.       20
20121023.1200         2.06        6.41      76.       20
20121023.1500         2.21        6.59      83.       20
20121023.1800         2.36        6.82      79.       20
20121023.2100         2.37        7.07      76.       20
20121024.0000         2.33        7.32      79.       20
20121024.0300         2.30        7.35      76.       20
20121024.0600         2.30        7.23      76.       20
20121024.0900         2.34        7.17      75.       20
20121024.1200         2.36        7.23      78.       20
20121024.1500         2.37        7.36      79.       20
20121024.1800         2.36        7.49      80.       20
20121024.2100         2.35        7.57      81.       20
20121025.0000         2.48        7.61      81.       20
20121025.0300         2.66        7.72      81.       20
20121025.0600         2.83        8.01      87.       20
20121025.0900         3.03        8.14      88.       20
20121025.1200         3.18        8.25      87.       20
20121025.1500         3.30        8.35      87.       20
20121025.1800         3.44        8.71      90.       20
20121025.2100         3.65        8.89      89.       20
20121026.0000         3.80        9.04      87.       20
20121026.0300         4.15        9.36      83.       20
20121026.0600         4.47        9.89      87.       20
20121026.0900         4.79        10.18      83.       20
20121026.1200         5.19        10.87      87.       20
20121026.1500         5.59        11.40      85.       20
20121026.1800         5.99        12.03      89.       20
20121026.2100         6.24        12.26      87.       20
20121027.0000         6.48        12.16      83.       20
20121027.0300         6.50        11.76      75.       20
20121027.0600         6.30        11.03      51.       20
20121027.0900         5.66        10.77      44.       20
20121027.1200         5.07        10.45      30.       20
20121027.1500         5.05        10.42      26.       20
20121027.1800         5.05        10.80      30.       20
20121027.2100         4.75        11.04      30.       20
20121028.0000         4.39        11.02      29.       20
20121028.0300         4.20        11.09      28.       20
20121028.0600         4.15        11.20      29.       20
20121028.0900         3.98        11.19      30.       20
20121028.1200         3.79        11.20      31.       20
20121028.1500         3.53        11.15      31.       20
20121028.1800         3.20        11.05      32.       20
20121028.2100         2.95        11.14      32.       20
20121029.0000         2.79        11.23      34.       20
20121029.0300         2.69        11.42      35.       20
20121029.0600         2.64        11.62      41.       20
20121029.0900         2.60        11.64      41.       20
20121029.1200         2.56        11.69      41.       20
20121029.1500         2.57        11.79      40.       20
20121029.1800         2.50        11.83      40.       20
20121029.2100         2.36        11.73      40.       20
20121030.0000         2.20        11.76      40.       20
20121030.0300         2.05        11.63      40.       20
20121030.0600         1.97        11.86      39.       20
20121030.0900         1.89        12.89      40.       20
20121030.1200         1.90        13.43      39.       20
20121030.1500         1.94        13.46      39.       20
20121030.1800         1.87        13.88      39.       20
20121030.2100         1.75        13.98      40.       20
20121031.0000         1.70        6.06     244.       20
20121031.0300         1.58        4.66     300.       20
20121031.0600         1.54        5.04     319.       20
20121031.0900         1.55        5.42     338.       20
20121031.1200         1.54        6.23     353.       20
20121031.1500         1.44        7.06     231.       20
20121031.1800         1.30        7.17     300.       20
20121031.2100         1.22        7.07     357.       20
20121101.0000         1.21        4.94     313.       20
