TPAR 
20121001.0000         1.05        11.13      75.       20
20121001.0300         1.07        10.91      75.       20
20121001.0600         1.09        10.77      75.       20
20121001.0900         1.10        10.72      75.       20
20121001.1200         1.17        10.69      75.       20
20121001.1500         1.34        10.65      76.       20
20121001.1800         1.43        4.35     168.       20
20121001.2100         1.51        4.42     179.       20
20121002.0000         1.59        4.65     182.       20
20121002.0300         1.67        4.88     186.       20
20121002.0600         1.73        5.15     182.       20
20121002.0900         1.71        5.22     183.       20
20121002.1200         1.66        5.04     191.       20
20121002.1500         1.63        5.25     199.       20
20121002.1800         1.57        5.60     194.       20
20121002.2100         1.46        5.76     179.       20
20121003.0000         1.36        10.01     105.       20
20121003.0300         1.28        11.88      74.       20
20121003.0600         1.21        11.78      75.       20
20121003.0900         1.19        11.70      75.       20
20121003.1200         1.17        11.66      76.       20
20121003.1500         1.13        11.60      76.       20
20121003.1800         1.09        11.32      76.       20
20121003.2100         1.06        11.01      77.       20
20121004.0000         1.05        10.83      77.       20
20121004.0300         1.06        10.72      76.       20
20121004.0600         1.08        10.62      76.       20
20121004.0900         1.08        10.48      78.       20
20121004.1200         1.08        10.19      78.       20
20121004.1500         1.06        10.04      78.       20
20121004.1800         1.02        9.95      78.       20
20121004.2100         0.99        9.88      77.       20
20121005.0000         0.96        9.81      77.       20
20121005.0300         0.95        9.76      77.       20
20121005.0600         0.98        9.71      77.       20
20121005.0900         1.06        9.66      77.       20
20121005.1200         1.12        7.57     110.       20
20121005.1500         1.13        7.47     111.       20
20121005.1800         1.13        7.46     111.       20
20121005.2100         1.12        7.52     111.       20
20121006.0000         1.13        7.59     111.       20
20121006.0300         1.17        7.67     111.       20
20121006.0600         1.18        7.84     110.       20
20121006.0900         1.17        7.93     110.       20
20121006.1200         1.13        7.92     110.       20
20121006.1500         1.10        7.79     110.       20
20121006.1800         1.06        7.63     109.       20
20121006.2100         1.03        7.52     108.       20
20121007.0000         1.05        7.44     108.       20
20121007.0300         1.07        7.40     106.       20
20121007.0600         1.05        7.41     105.       20
20121007.0900         1.02        7.50     104.       20
20121007.1200         0.98        7.64     103.       20
20121007.1500         0.96        7.71     103.       20
20121007.1800         0.95        7.82     102.       20
20121007.2100         0.93        7.94     103.       20
20121008.0000         0.92        8.18      97.       20
20121008.0300         0.93        9.98      55.       20
20121008.0600         0.98        11.93      50.       20
20121008.0900         1.09        11.89      49.       20
20121008.1200         1.16        11.58      50.       20
20121008.1500         1.21        11.15      50.       20
20121008.1800         1.26        10.97      50.       20
20121008.2100         1.29        10.30      60.       20
20121009.0000         1.33        10.12      59.       20
20121009.0300         1.37        11.94      53.       20
20121009.0600         1.43        11.89      54.       20
20121009.0900         1.46        11.60      53.       20
20121009.1200         1.45        11.36      54.       20
20121009.1500         1.43        11.26      53.       20
20121009.1800         1.41        11.19      53.       20
20121009.2100         1.44        11.14      52.       20
20121010.0000         1.46        11.07      51.       20
20121010.0300         1.50        11.00      51.       20
20121010.0600         1.50        10.94      51.       20
20121010.0900         1.51        10.90      51.       20
20121010.1200         1.58        10.88      51.       20
20121010.1500         1.69        10.86      51.       20
20121010.1800         1.80        10.84      52.       20
20121010.2100         1.82        7.12      19.       20
20121011.0000         1.76        10.40      50.       20
20121011.0300         1.67        10.73      54.       20
20121011.0600         1.61        10.35      54.       20
20121011.0900         1.63        10.05      56.       20
20121011.1200         1.74        5.51      27.       20
20121011.1500         1.88        5.72      28.       20
20121011.1800         2.01        5.95      33.       20
20121011.2100         2.13        6.21      34.       20
20121012.0000         2.29        6.30      31.       20
20121012.0300         2.47        6.58      33.       20
20121012.0600         2.56        6.89      33.       20
20121012.0900         2.54        6.91      31.       20
20121012.1200         2.51        6.86      29.       20
20121012.1500         2.46        6.83      29.       20
20121012.1800         2.40        6.80      28.       20
20121012.2100         2.43        6.74      28.       20
20121013.0000         2.54        6.80      28.       20
20121013.0300         2.62        6.87      28.       20
20121013.0600         2.70        6.90      31.       20
20121013.0900         2.83        7.08      35.       20
20121013.1200         3.07        7.59      42.       20
20121013.1500         3.27        7.81      46.       20
20121013.1800         3.40        8.20      49.       20
20121013.2100         3.55        8.32      51.       20
20121014.0000         3.66        8.46      53.       20
20121014.0300         3.79        8.82      59.       20
20121014.0600         3.91        9.06      58.       20
20121014.0900         4.03        9.21      57.       20
20121014.1200         4.09        9.32      56.       20
20121014.1500         4.01        9.34      57.       20
20121014.1800         3.79        9.24      57.       20
20121014.2100         3.55        9.16      57.       20
20121015.0000         3.38        9.12      57.       20
20121015.0300         3.25        9.08      57.       20
20121015.0600         3.06        9.03      57.       20
20121015.0900         2.89        8.96      58.       20
20121015.1200         2.74        8.88      59.       20
20121015.1500         2.60        8.78      62.       20
20121015.1800         2.47        8.67      64.       20
20121015.2100         2.36        8.63      63.       20
20121016.0000         2.29        8.56      66.       20
20121016.0300         2.28        8.58      70.       20
20121016.0600         2.34        8.68      85.       20
20121016.0900         2.42        9.63     103.       20
20121016.1200         2.48        10.13     106.       20
20121016.1500         2.55        10.31     107.       20
20121016.1800         2.74        11.00     110.       20
20121016.2100         2.95        12.99     110.       20
20121017.0000         3.06        12.66     110.       20
20121017.0300         3.00        12.18     109.       20
20121017.0600         2.88        11.96     109.       20
20121017.0900         2.76        11.71     108.       20
20121017.1200         2.64        11.02     106.       20
20121017.1500         2.50        11.01     104.       20
20121017.1800         2.29        10.96     101.       20
20121017.2100         2.08        10.81     100.       20
20121018.0000         1.89        10.50     100.       20
20121018.0300         1.75        10.14      99.       20
20121018.0600         1.68        10.05      99.       20
20121018.0900         1.65        9.98      97.       20
20121018.1200         1.58        9.84      96.       20
20121018.1500         1.47        9.68      94.       20
20121018.1800         1.37        9.45      95.       20
20121018.2100         1.27        9.14      93.       20
20121019.0000         1.20        9.02      92.       20
20121019.0300         1.15        8.94      93.       20
20121019.0600         1.12        8.93      96.       20
20121019.0900         1.12        9.00      99.       20
20121019.1200         1.16        9.10     100.       20
20121019.1500         1.17        9.13     101.       20
20121019.1800         1.09        9.09     101.       20
20121019.2100         0.99        9.04     102.       20
20121020.0000         0.92        8.94     102.       20
20121020.0300         0.89        8.63     102.       20
20121020.0600         0.90        8.53     103.       20
20121020.0900         0.93        8.98     100.       20
20121020.1200         0.98        9.66      96.       20
20121020.1500         0.93        9.65      93.       20
20121020.1800         0.89        9.61      91.       20
20121020.2100         0.89        9.60      92.       20
20121021.0000         0.94        9.60      93.       20
20121021.0300         1.05        9.59      94.       20
20121021.0600         1.11        9.55      96.       20
20121021.0900         1.10        9.48      93.       20
20121021.1200         1.09        9.37      94.       20
20121021.1500         1.08        9.29      96.       20
20121021.1800         1.08        9.23      97.       20
20121021.2100         1.09        9.19      98.       20
20121022.0000         1.13        9.14      99.       20
20121022.0300         1.18        9.09     100.       20
20121022.0600         1.24        9.05     101.       20
20121022.0900         1.32        9.01     102.       20
20121022.1200         1.42        8.98     103.       20
20121022.1500         1.53        4.83      55.       20
20121022.1800         1.68        4.93      58.       20
20121022.2100         1.86        5.29      58.       20
20121023.0000         2.03        5.68      63.       20
20121023.0300         2.12        5.87      60.       20
20121023.0600         2.17        6.13      71.       20
20121023.0900         2.30        6.37      70.       20
20121023.1200         2.46        6.68      76.       20
20121023.1500         2.51        6.91      71.       20
20121023.1800         2.50        7.22      74.       20
20121023.2100         2.46        7.30      70.       20
20121024.0000         2.48        7.01      63.       20
20121024.0300         2.54        6.97      66.       20
20121024.0600         2.59        7.01      70.       20
20121024.0900         2.64        7.12      74.       20
20121024.1200         2.69        7.35      81.       20
20121024.1500         2.79        7.47      83.       20
20121024.1800         2.93        7.63      84.       20
20121024.2100         3.02        7.99      93.       20
20121025.0000         3.14        8.23      95.       20
20121025.0300         3.34        8.23      94.       20
20121025.0600         3.56        8.30      95.       20
20121025.0900         3.68        8.48      95.       20
20121025.1200         3.87        8.79     101.       20
20121025.1500         4.15        8.95      99.       20
20121025.1800         4.38        9.10      97.       20
20121025.2100         4.87        9.57     100.       20
20121026.0000         5.33        10.02      99.       20
20121026.0300         5.74        10.20      94.       20
20121026.0600         6.40        10.78      95.       20
20121026.0900         7.17        11.30      90.       20
20121026.1200         8.03        12.41     102.       20
20121026.1500         8.93        12.27      99.       20
20121026.1800         9.52        12.08      98.       20
20121026.2100         8.78        11.92      98.       20
20121027.0000         7.78        11.18      93.       20
20121027.0300         6.67        10.97      90.       20
20121027.0600         6.40        8.86      33.       20
20121027.0900         6.57        9.23     339.       20
20121027.1200         6.55        9.19     330.       20
20121027.1500         6.62        9.38     328.       20
20121027.1800         7.03        9.96     332.       20
20121027.2100         7.18        10.18     333.       20
20121028.0000         7.10        10.78     338.       20
20121028.0300         6.82        10.99     345.       20
20121028.0600         6.33        10.98     352.       20
20121028.0900         5.90        11.03     358.       20
20121028.1200         5.50        11.01      40.       20
20121028.1500         5.06        10.92       3.       20
20121028.1800         4.77        10.93       6.       20
20121028.2100         4.48        10.88       9.       20
20121029.0000         4.21        10.87      12.       20
20121029.0300         3.91        10.97      16.       20
20121029.0600         3.64        11.16      18.       20
20121029.0900         3.47        11.37      20.       20
20121029.1200         3.40        11.62      26.       20
20121029.1500         3.42        11.62      26.       20
20121029.1800         3.40        11.40      23.       20
20121029.2100         3.32        10.15     118.       20
20121030.0000         3.18        8.47     333.       20
20121030.0300         2.98        8.25     334.       20
20121030.0600         2.88        7.62     325.       20
20121030.0900         2.88        7.39     323.       20
20121030.1200         2.96        7.26     319.       20
20121030.1500         2.98        7.31     316.       20
20121030.1800         2.94        7.32     314.       20
20121030.2100         2.79        7.30     313.       20
20121031.0000         2.67        7.24     312.       20
20121031.0300         2.71        7.21     309.       20
20121031.0600         2.92        7.41     306.       20
20121031.0900         3.03        7.53     306.       20
20121031.1200         2.94        7.59     309.       20
20121031.1500         2.78        7.59     313.       20
20121031.1800         2.65        7.44     315.       20
20121031.2100         2.56        7.28     317.       20
20121101.0000         2.45        6.99     312.       20
