TPAR 
20121001.0000         1.30        9.16      92.       20
20121001.0300         1.30        9.13      95.       20
20121001.0600         1.30        9.13      98.       20
20121001.0900         1.32        9.13     100.       20
20121001.1200         1.33        12.41      74.       20
20121001.1500         1.35        12.10      70.       20
20121001.1800         1.37        11.92      68.       20
20121001.2100         1.38        11.82      67.       20
20121002.0000         1.40        11.71      67.       20
20121002.0300         1.40        11.50      71.       20
20121002.0600         1.40        11.08      72.       20
20121002.0900         1.39        10.86      71.       20
20121002.1200         1.36        10.72      71.       20
20121002.1500         1.33        10.57      70.       20
20121002.1800         1.30        10.28      76.       20
20121002.2100         1.26        10.08      75.       20
20121003.0000         1.21        9.97      74.       20
20121003.0300         1.17        9.88      73.       20
20121003.0600         1.13        9.82      72.       20
20121003.0900         1.12        9.77      71.       20
20121003.1200         1.11        9.73      70.       20
20121003.1500         1.09        9.70      68.       20
20121003.1800         1.07        9.67      67.       20
20121003.2100         1.08        9.65      65.       20
20121004.0000         1.11        9.66      64.       20
20121004.0300         1.16        7.54     105.       20
20121004.0600         1.19        7.39     107.       20
20121004.0900         1.19        10.34      67.       20
20121004.1200         1.20        10.75      61.       20
20121004.1500         1.21        10.62      61.       20
20121004.1800         1.22        10.17      63.       20
20121004.2100         1.24        9.98      64.       20
20121005.0000         1.26        9.87      65.       20
20121005.0300         1.30        9.69      67.       20
20121005.0600         1.44        9.34      83.       20
20121005.0900         1.76        4.96     162.       20
20121005.1200         2.10        5.70       3.       20
20121005.1500         2.21        6.21       7.       20
20121005.1800         2.11        6.45       7.       20
20121005.2100         1.96        6.70      18.       20
20121006.0000         1.78        6.58      21.       20
20121006.0300         1.62        6.31      11.       20
20121006.0600         1.53        6.10      14.       20
20121006.0900         1.50        5.70      14.       20
20121006.1200         1.56        9.14      26.       20
20121006.1500         1.71        11.83      33.       20
20121006.1800         1.89        11.51      32.       20
20121006.2100         1.99        10.91      31.       20
20121007.0000         2.01        10.33      38.       20
20121007.0300         1.99        9.99      39.       20
20121007.0600         1.96        9.82      41.       20
20121007.0900         1.94        9.62      44.       20
20121007.1200         1.94        9.38      50.       20
20121007.1500         1.94        10.64      42.       20
20121007.1800         1.97        10.08      49.       20
20121007.2100         2.02        10.01      47.       20
20121008.0000         2.05        10.10      46.       20
20121008.0300         2.06        11.17      39.       20
20121008.0600         2.05        11.06      38.       20
20121008.0900         2.03        11.03      37.       20
20121008.1200         2.01        11.04      37.       20
20121008.1500         1.99        11.14      37.       20
20121008.1800         1.96        11.39      38.       20
20121008.2100         1.93        11.43      39.       20
20121009.0000         1.90        11.28      39.       20
20121009.0300         1.86        11.13      40.       20
20121009.0600         1.82        11.03      41.       20
20121009.0900         1.79        10.96      42.       20
20121009.1200         1.81        10.92      42.       20
20121009.1500         1.89        10.90      43.       20
20121009.1800         2.00        10.88      43.       20
20121009.2100         2.02        10.87      44.       20
20121010.0000         1.98        10.88      46.       20
20121010.0300         1.96        10.92      47.       20
20121010.0600         1.96        10.95      49.       20
20121010.0900         1.96        10.93      50.       20
20121010.1200         1.96        10.86      51.       20
20121010.1500         1.97        10.75      51.       20
20121010.1800         1.97        10.57      52.       20
20121010.2100         1.94        10.35      54.       20
20121011.0000         1.90        10.25      55.       20
20121011.0300         1.87        10.23      56.       20
20121011.0600         1.84        10.30      57.       20
20121011.0900         1.81        11.58      50.       20
20121011.1200         1.79        11.17      51.       20
20121011.1500         1.77        11.03      51.       20
20121011.1800         1.75        10.96      51.       20
20121011.2100         1.74        10.92      51.       20
20121012.0000         1.72        10.93      51.       20
20121012.0300         1.73        10.93      51.       20
20121012.0600         1.75        10.92      51.       20
20121012.0900         1.75        10.87      51.       20
20121012.1200         1.75        10.81      52.       20
20121012.1500         1.72        10.77      52.       20
20121012.1800         1.69        10.73      54.       20
20121012.2100         1.65        10.67      55.       20
20121013.0000         1.62        9.22     110.       20
20121013.0300         1.60        9.15     113.       20
20121013.0600         1.60        9.14     115.       20
20121013.0900         1.63        9.15     115.       20
20121013.1200         1.72        9.07     113.       20
20121013.1500         1.82        8.93     114.       20
20121013.1800         1.91        8.78     115.       20
20121013.2100         2.00        8.69     117.       20
20121014.0000         2.14        8.75     122.       20
20121014.0300         2.34        9.15     129.       20
20121014.0600         2.54        9.60     139.       20
20121014.0900         2.69        9.78     142.       20
20121014.1200         2.80        9.83     144.       20
20121014.1500         2.89        9.77     145.       20
20121014.1800         2.94        9.71     145.       20
20121014.2100         3.01        9.75     141.       20
20121015.0000         3.11        9.73     134.       20
20121015.0300         3.25        9.66     129.       20
20121015.0600         3.41        9.59     131.       20
20121015.0900         3.59        9.87     133.       20
20121015.1200         3.83        10.14     135.       20
20121015.1500         4.08        10.70     148.       20
20121015.1800         4.41        11.17     150.       20
20121015.2100         4.62        11.81     159.       20
20121016.0000         4.72        11.83     160.       20
20121016.0300         5.11        11.95     161.       20
20121016.0600         6.03        11.86     160.       20
20121016.0900         8.30        12.19     157.       20
20121016.1200         10.03        12.34     160.       20
20121016.1500         7.02        11.84     158.       20
20121016.1800         5.66        10.99     156.       20
20121016.2100         4.67        9.99     166.       20
20121017.0000         4.03        9.73     150.       20
20121017.0300         3.57        9.16     122.       20
20121017.0600         3.25        9.00     130.       20
20121017.0900         3.01        8.87     132.       20
20121017.1200         2.73        8.66     133.       20
20121017.1500         2.50        8.37     129.       20
20121017.1800         2.33        8.26     125.       20
20121017.2100         2.16        8.21     123.       20
20121018.0000         2.01        8.23     124.       20
20121018.0300         1.90        8.31     126.       20
20121018.0600         1.82        8.22     125.       20
20121018.0900         1.75        8.09     119.       20
20121018.1200         1.72        7.89     109.       20
20121018.1500         1.71        7.69     103.       20
20121018.1800         1.70        7.62      84.       20
20121018.2100         1.73        7.93      80.       20
20121019.0000         1.78        8.23      67.       20
20121019.0300         1.84        8.36      64.       20
20121019.0600         1.90        8.66      76.       20
20121019.0900         1.98        8.89      85.       20
20121019.1200         2.04        9.06      79.       20
20121019.1500         2.07        9.14      74.       20
20121019.1800         2.04        9.14      72.       20
20121019.2100         1.99        9.12      71.       20
20121020.0000         1.94        9.08      71.       20
20121020.0300         1.89        9.07      72.       20
20121020.0600         1.86        9.08      73.       20
20121020.0900         1.83        9.08      75.       20
20121020.1200         1.79        9.07      76.       20
20121020.1500         1.73        9.06      79.       20
20121020.1800         1.68        9.03      81.       20
20121020.2100         1.62        9.00      83.       20
20121021.0000         1.57        8.95      84.       20
20121021.0300         1.54        8.89      85.       20
20121021.0600         1.50        8.81      87.       20
20121021.0900         1.46        8.72      90.       20
20121021.1200         1.43        8.61      87.       20
20121021.1500         1.39        8.55      90.       20
20121021.1800         1.36        8.52      93.       20
20121021.2100         1.33        8.50      96.       20
20121022.0000         1.29        8.48      99.       20
20121022.0300         1.26        8.45     101.       20
20121022.0600         1.22        8.43     103.       20
20121022.0900         1.19        8.42     104.       20
20121022.1200         1.16        8.43     105.       20
20121022.1500         1.14        8.46     106.       20
20121022.1800         1.13        8.52     106.       20
20121022.2100         1.16        8.59     106.       20
20121023.0000         1.19        8.63     106.       20
20121023.0300         1.24        8.62     106.       20
20121023.0600         1.32        8.56     106.       20
20121023.0900         1.42        8.50     106.       20
20121023.1200         1.56        8.46     106.       20
20121023.1500         1.73        8.46     106.       20
20121023.1800         1.91        5.24      16.       20
20121023.2100         2.05        8.16      60.       20
20121024.0000         2.07        7.93      22.       20
20121024.0300         2.02        7.70     358.       20
20121024.0600         2.02        7.65       3.       20
20121024.0900         2.07        7.79      10.       20
20121024.1200         2.12        8.78      33.       20
20121024.1500         2.14        8.57      35.       20
20121024.1800         2.15        8.42      29.       20
20121024.2100         2.18        8.36      24.       20
20121025.0000         2.23        8.26      20.       20
20121025.0300         2.25        7.17      41.       20
20121025.0600         2.25        6.17      71.       20
20121025.0900         2.23        6.23      72.       20
20121025.1200         2.23        6.25      75.       20
20121025.1500         2.22        6.34      79.       20
20121025.1800         2.19        6.37      81.       20
20121025.2100         2.16        6.33      83.       20
20121026.0000         2.12        6.34      86.       20
20121026.0300         2.07        6.36      88.       20
20121026.0600         2.09        6.21      92.       20
20121026.0900         2.17        6.22      97.       20
20121026.1200         2.10        6.18     100.       20
20121026.1500         1.92        5.91     105.       20
20121026.1800         1.79        5.74     115.       20
20121026.2100         1.73        5.65     121.       20
20121027.0000         1.76        5.51     120.       20
20121027.0300         2.03        5.43     118.       20
20121027.0600         2.61        5.75     129.       20
20121027.0900         3.30        6.92     171.       20
20121027.1200         3.66        9.22     210.       20
20121027.1500         3.66        9.88     222.       20
20121027.1800         3.61        9.74     222.       20
20121027.2100         3.62        9.83     222.       20
20121028.0000         3.76        9.96     225.       20
20121028.0300         3.89        10.08     232.       20
20121028.0600         4.00        10.10     242.       20
20121028.0900         4.12        10.21     249.       20
20121028.1200         4.50        11.80     275.       20
20121028.1500         4.97        11.94     273.       20
20121028.1800         5.40        12.30     273.       20
20121028.2100         5.82        12.71     274.       20
20121029.0000         6.24        13.13     274.       20
20121029.0300         6.55        13.67     276.       20
20121029.0600         6.62        13.70     278.       20
20121029.0900         6.64        13.42     281.       20
20121029.1200         6.62        13.35     285.       20
20121029.1500         6.41        13.26     289.       20
20121029.1800         6.04        13.07     292.       20
20121029.2100         5.68        12.69     295.       20
20121030.0000         5.36        12.22     298.       20
20121030.0300         5.07        12.05     300.       20
20121030.0600         4.72        11.92     302.       20
20121030.0900         4.34        11.69     305.       20
20121030.1200         4.02        11.23     308.       20
20121030.1500         3.80        11.02     308.       20
20121030.1800         3.67        10.94     309.       20
20121030.2100         3.51        10.93     310.       20
20121031.0000         3.32        10.83     310.       20
20121031.0300         3.12        10.49     310.       20
20121031.0600         2.96        10.22     309.       20
20121031.0900         2.84        10.15     308.       20
20121031.1200         2.74        10.08     306.       20
20121031.1500         2.66        9.98     305.       20
20121031.1800         2.63        9.90     307.       20
20121031.2100         2.69        10.17     310.       20
20121101.0000         2.87        11.01     336.       20
