TPAR 
20121001.0000         1.10        10.71      75.       20
20121001.0300         1.14        10.67      75.       20
20121001.0600         1.19        10.65      75.       20
20121001.0900         1.22        10.60      76.       20
20121001.1200         1.29        10.33      81.       20
20121001.1500         1.45        4.87     157.       20
20121001.1800         1.61        4.74     171.       20
20121001.2100         1.69        5.11     172.       20
20121002.0000         1.71        5.18     173.       20
20121002.0300         1.72        5.18     171.       20
20121002.0600         1.75        5.17     170.       20
20121002.0900         1.78        5.20     171.       20
20121002.1200         1.76        5.25     171.       20
20121002.1500         1.69        5.37     169.       20
20121002.1800         1.61        5.65     154.       20
20121002.2100         1.54        5.72     148.       20
20121003.0000         1.48        5.75     142.       20
20121003.0300         1.43        11.13      81.       20
20121003.0600         1.39        11.62      75.       20
20121003.0900         1.35        11.55      76.       20
20121003.1200         1.30        11.21      76.       20
20121003.1500         1.25        10.96      76.       20
20121003.1800         1.21        10.79      76.       20
20121003.2100         1.18        10.68      76.       20
20121004.0000         1.17        10.58      76.       20
20121004.0300         1.16        10.35      78.       20
20121004.0600         1.16        10.11      78.       20
20121004.0900         1.14        9.98      78.       20
20121004.1200         1.14        9.90      78.       20
20121004.1500         1.13        9.83      77.       20
20121004.1800         1.12        9.76      77.       20
20121004.2100         1.15        9.71      77.       20
20121005.0000         1.21        9.66      77.       20
20121005.0300         1.25        7.55     115.       20
20121005.0600         1.25        7.41     116.       20
20121005.0900         1.24        7.37     116.       20
20121005.1200         1.23        7.42     116.       20
20121005.1500         1.22        7.52     116.       20
20121005.1800         1.21        7.56     115.       20
20121005.2100         1.22        7.61     114.       20
20121006.0000         1.24        7.77     114.       20
20121006.0300         1.28        7.91     114.       20
20121006.0600         1.26        7.90     113.       20
20121006.0900         1.22        7.74     113.       20
20121006.1200         1.18        7.58     112.       20
20121006.1500         1.16        7.47     111.       20
20121006.1800         1.13        7.41     109.       20
20121006.2100         1.12        7.41     108.       20
20121007.0000         1.12        7.51     106.       20
20121007.0300         1.14        7.66     104.       20
20121007.0600         1.11        7.75     102.       20
20121007.0900         1.04        7.88     103.       20
20121007.1200         0.99        8.00     104.       20
20121007.1500         0.96        9.90      71.       20
20121007.1800         0.97        10.79      50.       20
20121007.2100         1.02        10.17      52.       20
20121008.0000         1.11        9.77      53.       20
20121008.0300         1.19        11.91      49.       20
20121008.0600         1.28        11.78      48.       20
20121008.0900         1.35        11.34      50.       20
20121008.1200         1.43        11.06      49.       20
20121008.1500         1.50        10.52      57.       20
20121008.1800         1.56        10.14      59.       20
20121008.2100         1.62        11.94      52.       20
20121009.0000         1.67        11.97      53.       20
20121009.0300         1.68        11.84      52.       20
20121009.0600         1.66        11.47      53.       20
20121009.0900         1.64        11.32      52.       20
20121009.1200         1.62        11.26      52.       20
20121009.1500         1.61        11.22      52.       20
20121009.1800         1.58        11.20      51.       20
20121009.2100         1.57        11.13      51.       20
20121010.0000         1.56        11.03      50.       20
20121010.0300         1.55        10.96      51.       20
20121010.0600         1.56        10.92      51.       20
20121010.0900         1.56        10.89      52.       20
20121010.1200         1.54        10.86      52.       20
20121010.1500         1.56        10.83      53.       20
20121010.1800         1.74        10.79      53.       20
20121010.2100         1.96        5.61     351.       20
20121011.0000         2.09        5.93     355.       20
20121011.0300         2.03        6.18     206.       20
20121011.0600         1.96        6.17       3.       20
20121011.0900         2.04        6.07       7.       20
20121011.1200         2.23        6.16      10.       20
20121011.1500         2.39        6.33      14.       20
20121011.1800         2.49        6.48      17.       20
20121011.2100         2.58        6.67      23.       20
20121012.0000         2.71        6.82      24.       20
20121012.0300         2.77        6.90      25.       20
20121012.0600         2.75        6.91      25.       20
20121012.0900         2.72        6.89      25.       20
20121012.1200         2.71        6.87      26.       20
20121012.1500         2.67        6.85      26.       20
20121012.1800         2.55        6.83      27.       20
20121012.2100         2.48        6.78      30.       20
20121013.0000         2.58        6.80      31.       20
20121013.0300         2.84        6.96      31.       20
20121013.0600         3.09        7.51      32.       20
20121013.0900         3.20        7.72      33.       20
20121013.1200         3.38        8.09      36.       20
20121013.1500         3.55        8.24      39.       20
20121013.1800         3.65        8.35      41.       20
20121013.2100         3.75        8.48      43.       20
20121014.0000         3.91        8.77      50.       20
20121014.0300         4.11        8.99      51.       20
20121014.0600         4.30        9.10      51.       20
20121014.0900         4.43        9.14      51.       20
20121014.1200         4.31        9.14      51.       20
20121014.1500         4.03        9.14      50.       20
20121014.1800         3.78        9.13      49.       20
20121014.2100         3.56        9.10      49.       20
20121015.0000         3.39        9.06      49.       20
20121015.0300         3.26        9.01      50.       20
20121015.0600         3.12        8.98      53.       20
20121015.0900         2.97        8.95      56.       20
20121015.1200         2.86        8.90      61.       20
20121015.1500         2.77        8.78      67.       20
20121015.1800         2.71        8.69      70.       20
20121015.2100         2.70        8.67      78.       20
20121016.0000         2.75        8.79      92.       20
20121016.0300         2.82        9.64     107.       20
20121016.0600         2.85        10.03     110.       20
20121016.0900         2.85        10.23     112.       20
20121016.1200         2.91        10.52     115.       20
20121016.1500         3.04        10.95     114.       20
20121016.1800         3.17        12.31     112.       20
20121016.2100         3.19        12.19     111.       20
20121017.0000         3.10        12.03     111.       20
20121017.0300         2.95        11.84     110.       20
20121017.0600         2.80        11.18     108.       20
20121017.0900         2.63        11.15     106.       20
20121017.1200         2.44        11.05     104.       20
20121017.1500         2.23        10.84     102.       20
20121017.1800         2.06        10.41     102.       20
20121017.2100         1.94        10.11     100.       20
20121018.0000         1.84        10.04      99.       20
20121018.0300         1.76        9.95      98.       20
20121018.0600         1.68        9.77      96.       20
20121018.0900         1.63        9.52      97.       20
20121018.1200         1.57        9.26      97.       20
20121018.1500         1.49        9.09      96.       20
20121018.1800         1.47        8.95      94.       20
20121018.2100         1.45        8.72      93.       20
20121019.0000         1.37        8.64      80.       20
20121019.0300         1.30        8.88     101.       20
20121019.0600         1.25        9.01     103.       20
20121019.0900         1.23        9.01     104.       20
20121019.1200         1.21        9.02     105.       20
20121019.1500         1.17        9.03     106.       20
20121019.1800         1.12        8.99     106.       20
20121019.2100         1.07        8.70     106.       20
20121020.0000         1.05        9.21     105.       20
20121020.0300         1.05        9.63     104.       20
20121020.0600         1.07        9.63     101.       20
20121020.0900         1.11        9.59      98.       20
20121020.1200         1.18        9.55      96.       20
20121020.1500         1.23        9.55      96.       20
20121020.1800         1.24        9.56      98.       20
20121020.2100         1.23        9.56      99.       20
20121021.0000         1.21        9.51      96.       20
20121021.0300         1.17        9.40      97.       20
20121021.0600         1.14        9.29      99.       20
20121021.0900         1.12        9.22     100.       20
20121021.1200         1.12        9.17     101.       20
20121021.1500         1.13        9.13     102.       20
20121021.1800         1.17        9.09     103.       20
20121021.2100         1.16        9.05     103.       20
20121022.0000         1.17        9.01     104.       20
20121022.0300         1.21        8.99     105.       20
20121022.0600         1.25        8.97     106.       20
20121022.0900         1.31        8.95     107.       20
20121022.1200         1.40        8.93     107.       20
20121022.1500         1.53        8.90     108.       20
20121022.1800         1.67        4.78      44.       20
20121022.2100         1.77        5.16      47.       20
20121023.0000         1.88        5.31      44.       20
20121023.0300         2.01        5.66      50.       20
20121023.0600         2.18        5.82      48.       20
20121023.0900         2.36        6.26      51.       20
20121023.1200         2.51        6.69      54.       20
20121023.1500         2.57        6.93      50.       20
20121023.1800         2.51        6.88      50.       20
20121023.2100         2.48        6.81      52.       20
20121024.0000         2.49        6.79      55.       20
20121024.0300         2.51        6.85      61.       20
20121024.0600         2.54        6.91      67.       20
20121024.0900         2.65        6.97      72.       20
20121024.1200         2.85        7.20      80.       20
20121024.1500         3.07        7.54      85.       20
20121024.1800         3.17        7.69      88.       20
20121024.2100         3.23        7.92      96.       20
20121025.0000         3.33        8.11      98.       20
20121025.0300         3.42        8.17      98.       20
20121025.0600         3.55        8.24      99.       20
20121025.0900         3.69        8.31      98.       20
20121025.1200         3.99        8.42      97.       20
20121025.1500         4.45        8.94     103.       20
20121025.1800         4.91        9.17     101.       20
20121025.2100         5.28        9.36      97.       20
20121026.0000         5.71        9.81     102.       20
20121026.0300         6.50        10.04      96.       20
20121026.0600         7.55        10.89     101.       20
20121026.0900         8.95        11.90     124.       20
20121026.1200         9.07        11.72     125.       20
20121026.1500         8.71        11.18     117.       20
20121026.1800         8.19        11.03     126.       20
20121026.2100         7.50        10.83     132.       20
20121027.0000         6.91        10.36     137.       20
20121027.0300         6.56        10.09     145.       20
20121027.0600         6.28        9.92     153.       20
20121027.0900         5.34        9.27     178.       20
20121027.1200         5.93        9.08     229.       20
20121027.1500         6.66        9.94     268.       20
20121027.1800         6.60        10.12     279.       20
20121027.2100         6.72        10.11     285.       20
20121028.0000         7.70        10.87     293.       20
20121028.0300         8.20        11.26     302.       20
20121028.0600         7.96        11.48     313.       20
20121028.0900         7.25        11.26     320.       20
20121028.1200         6.68        11.19     326.       20
20121028.1500         6.24        11.03     330.       20
20121028.1800         5.89        10.82     334.       20
20121028.2100         5.58        10.54     337.       20
20121029.0000         5.36        10.21     330.       20
20121029.0300         5.08        10.19     334.       20
20121029.0600         4.70        10.44     339.       20
20121029.0900         4.35        10.75     355.       20
20121029.1200         4.07        10.94     345.       20
20121029.1500         3.82        10.89       2.       20
20121029.1800         3.70        10.77       4.       20
20121029.2100         3.64        10.03     348.       20
20121030.0000         3.55        9.58     341.       20
20121030.0300         3.55        9.53     335.       20
20121030.0600         3.46        8.75     318.       20
20121030.0900         3.31        8.50     313.       20
20121030.1200         3.16        8.33     312.       20
20121030.1500         3.12        8.15     310.       20
20121030.1800         3.20        7.99     305.       20
20121030.2100         3.30        8.10     301.       20
20121031.0000         3.27        8.22     301.       20
20121031.0300         3.15        8.23     302.       20
20121031.0600         3.10        8.19     301.       20
20121031.0900         3.20        8.26     301.       20
20121031.1200         3.26        8.37     302.       20
20121031.1500         3.22        8.42     302.       20
20121031.1800         3.17        8.39     302.       20
20121031.2100         3.09        8.31     303.       20
20121101.0000         2.96        8.22     304.       20
