TPAR 
20121001.0000         1.14        10.61      75.       20
20121001.0300         1.13        10.54      75.       20
20121001.0600         1.15        10.13      82.       20
20121001.0900         1.20        9.92      81.       20
20121001.1200         1.26        9.84      81.       20
20121001.1500         1.33        9.79      81.       20
20121001.1800         1.40        9.72      83.       20
20121001.2100         1.48        4.85     172.       20
20121002.0000         1.52        4.82     177.       20
20121002.0300         1.50        5.45     170.       20
20121002.0600         1.51        9.17      95.       20
20121002.0900         1.59        5.01     157.       20
20121002.1200         1.69        5.14     156.       20
20121002.1500         1.73        5.24     159.       20
20121002.1800         1.67        5.42     154.       20
20121002.2100         1.57        6.55     141.       20
20121003.0000         1.48        11.61      74.       20
20121003.0300         1.43        11.47      75.       20
20121003.0600         1.42        11.14      75.       20
20121003.0900         1.39        10.90      76.       20
20121003.1200         1.34        10.75      76.       20
20121003.1500         1.30        10.64      76.       20
20121003.1800         1.27        10.53      75.       20
20121003.2100         1.25        10.24      78.       20
20121004.0000         1.24        10.04      78.       20
20121004.0300         1.23        9.92      78.       20
20121004.0600         1.20        9.85      78.       20
20121004.0900         1.18        9.78      77.       20
20121004.1200         1.18        9.72      77.       20
20121004.1500         1.23        9.67      77.       20
20121004.1800         1.26        8.15     101.       20
20121004.2100         1.27        7.43     117.       20
20121005.0000         1.28        7.40     118.       20
20121005.0300         1.27        7.38     117.       20
20121005.0600         1.26        7.50     117.       20
20121005.0900         1.24        7.59     118.       20
20121005.1200         1.24        7.56     117.       20
20121005.1500         1.24        7.57     116.       20
20121005.1800         1.25        7.76     116.       20
20121005.2100         1.30        7.89     116.       20
20121006.0000         1.38        7.82     115.       20
20121006.0300         1.43        7.71     113.       20
20121006.0600         1.40        7.57     112.       20
20121006.0900         1.36        7.47     110.       20
20121006.1200         1.33        7.33     107.       20
20121006.1500         1.31        6.81      93.       20
20121006.1800         1.30        6.95      86.       20
20121006.2100         1.27        7.33      97.       20
20121007.0000         1.25        7.63      96.       20
20121007.0300         1.21        7.93     103.       20
20121007.0600         1.14        8.06     106.       20
20121007.0900         1.10        10.91      53.       20
20121007.1200         1.10        10.91      45.       20
20121007.1500         1.14        10.37      47.       20
20121007.1800         1.18        9.88      47.       20
20121007.2100         1.23        9.50      58.       20
20121008.0000         1.33        9.09      58.       20
20121008.0300         1.44        11.67      46.       20
20121008.0600         1.53        11.12      47.       20
20121008.0900         1.61        10.77      46.       20
20121008.1200         1.68        10.15      59.       20
20121008.1500         1.75        10.11      55.       20
20121008.1800         1.80        12.00      51.       20
20121008.2100         1.85        12.01      51.       20
20121009.0000         1.87        11.79      51.       20
20121009.0300         1.85        11.42      51.       20
20121009.0600         1.81        11.33      50.       20
20121009.0900         1.78        11.33      50.       20
20121009.1200         1.74        11.38      50.       20
20121009.1500         1.70        11.36      50.       20
20121009.1800         1.69        11.20      50.       20
20121009.2100         1.72        11.06      50.       20
20121010.0000         1.72        10.99      51.       20
20121010.0300         1.68        10.94      52.       20
20121010.0600         1.61        10.90      53.       20
20121010.0900         1.54        10.86      53.       20
20121010.1200         1.49        10.82      54.       20
20121010.1500         1.46        10.77      54.       20
20121010.1800         1.43        10.71      55.       20
20121010.2100         1.45        10.64      56.       20
20121011.0000         1.54        10.44      65.       20
20121011.0300         1.66        10.24      67.       20
20121011.0600         1.83        6.52     304.       20
20121011.0900         2.02        6.07     344.       20
20121011.1200         2.21        6.18     349.       20
20121011.1500         2.36        6.29     356.       20
20121011.1800         2.49        6.42       4.       20
20121011.2100         2.62        6.59       6.       20
20121012.0000         2.57        6.64      10.       20
20121012.0300         2.47        6.48      15.       20
20121012.0600         2.49        6.44      20.       20
20121012.0900         2.49        6.46      25.       20
20121012.1200         2.49        6.46      29.       20
20121012.1500         2.46        6.47      27.       20
20121012.1800         2.34        6.45      24.       20
20121012.2100         2.31        6.35      21.       20
20121013.0000         2.50        6.48      20.       20
20121013.0300         2.91        7.10      18.       20
20121013.0600         3.35        7.70      16.       20
20121013.0900         3.57        8.09      18.       20
20121013.1200         3.67        8.21      24.       20
20121013.1500         3.85        8.31      28.       20
20121013.1800         4.02        8.41      32.       20
20121013.2100         4.13        8.57      37.       20
20121014.0000         4.18        8.74      42.       20
20121014.0300         4.18        8.87      42.       20
20121014.0600         4.11        8.95      42.       20
20121014.0900         4.04        9.02      40.       20
20121014.1200         3.92        9.08      39.       20
20121014.1500         3.76        9.11      40.       20
20121014.1800         3.60        9.10      41.       20
20121014.2100         3.47        9.08      42.       20
20121015.0000         3.36        9.07      44.       20
20121015.0300         3.29        9.08      47.       20
20121015.0600         3.24        9.07      53.       20
20121015.0900         3.17        9.01      62.       20
20121015.1200         3.15        8.95      73.       20
20121015.1500         3.14        8.93      82.       20
20121015.1800         3.16        9.00      90.       20
20121015.2100         3.20        9.58     109.       20
20121016.0000         3.19        9.91     114.       20
20121016.0300         3.20        10.15     116.       20
20121016.0600         3.27        10.67     121.       20
20121016.0900         3.41        11.09     119.       20
20121016.1200         3.49        12.11     120.       20
20121016.1500         3.46        12.07     118.       20
20121016.1800         3.33        11.97     116.       20
20121016.2100         3.16        11.85     114.       20
20121017.0000         3.06        11.27     111.       20
20121017.0300         2.96        11.32     109.       20
20121017.0600         2.66        11.14     107.       20
20121017.0900         2.31        10.87     106.       20
20121017.1200         2.05        10.38     104.       20
20121017.1500         1.93        10.07     102.       20
20121017.1800         1.90        9.99     101.       20
20121017.2100         1.83        9.89     100.       20
20121018.0000         1.77        9.65      99.       20
20121018.0300         1.69        9.29     101.       20
20121018.0600         1.58        9.12     101.       20
20121018.0900         1.52        9.04     102.       20
20121018.1200         1.51        8.81     101.       20
20121018.1500         1.53        8.51      84.       20
20121018.1800         1.55        8.49      79.       20
20121018.2100         1.54        8.57      80.       20
20121019.0000         1.48        8.62      86.       20
20121019.0300         1.42        8.74     105.       20
20121019.0600         1.41        8.91     107.       20
20121019.0900         1.41        8.99     108.       20
20121019.1200         1.38        9.01     109.       20
20121019.1500         1.34        9.23     109.       20
20121019.1800         1.30        9.59     110.       20
20121019.2100         1.26        9.61     108.       20
20121020.0000         1.26        9.58     105.       20
20121020.0300         1.29        9.43      94.       20
20121020.0600         1.33        9.36      89.       20
20121020.0900         1.35        9.37      87.       20
20121020.1200         1.36        9.40      89.       20
20121020.1500         1.36        9.41      91.       20
20121020.1800         1.35        9.35      94.       20
20121020.2100         1.32        9.27      96.       20
20121021.0000         1.29        9.20      98.       20
20121021.0300         1.27        9.15      99.       20
20121021.0600         1.26        9.11     100.       20
20121021.0900         1.25        9.08     101.       20
20121021.1200         1.23        9.06     102.       20
20121021.1500         1.20        9.03     103.       20
20121021.1800         1.18        9.01     104.       20
20121021.2100         1.16        9.00     105.       20
20121022.0000         1.26        8.99     106.       20
20121022.0300         1.30        8.97     107.       20
20121022.0600         1.33        8.95     109.       20
20121022.0900         1.35        8.93     110.       20
20121022.1200         1.39        8.90     111.       20
20121022.1500         1.48        8.86     111.       20
20121022.1800         1.61        4.69      28.       20
20121022.2100         1.70        4.88      26.       20
20121023.0000         1.75        5.14      26.       20
20121023.0300         1.85        5.24      31.       20
20121023.0600         2.00        5.72      33.       20
20121023.0900         2.21        6.32      32.       20
20121023.1200         2.38        6.91      29.       20
20121023.1500         2.47        6.87      32.       20
20121023.1800         2.51        6.78      37.       20
20121023.2100         2.51        6.71      44.       20
20121024.0000         2.50        6.68      53.       20
20121024.0300         2.53        6.80      61.       20
20121024.0600         2.60        6.91      68.       20
20121024.0900         2.74        7.01      72.       20
20121024.1200         2.89        7.32      87.       20
20121024.1500         3.03        7.53      90.       20
20121024.1800         3.05        7.63      93.       20
20121024.2100         3.04        7.70      94.       20
20121025.0000         3.10        7.68      95.       20
20121025.0300         3.23        7.70      94.       20
20121025.0600         3.44        7.95     101.       20
20121025.0900         3.67        8.19     101.       20
20121025.1200         3.90        8.30     101.       20
20121025.1500         4.15        8.42      99.       20
20121025.1800         4.41        8.87     106.       20
20121025.2100         4.71        9.02     103.       20
20121026.0000         5.13        9.11     100.       20
20121026.0300         5.91        9.33      97.       20
20121026.0600         7.18        10.02     105.       20
20121026.0900         8.17        10.88     128.       20
20121026.1200         8.30        10.91     139.       20
20121026.1500         7.48        10.82     148.       20
20121026.1800         6.69        10.51     152.       20
20121026.2100         6.24        10.20     151.       20
20121027.0000         5.84        10.07     155.       20
20121027.0300         5.56        9.97     158.       20
20121027.0600         5.70        9.88     163.       20
20121027.0900         6.06        9.71     176.       20
20121027.1200         6.58        9.92     202.       20
20121027.1500         7.18        10.24     221.       20
20121027.1800         8.11        11.02     234.       20
20121027.2100         8.11        11.06     250.       20
20121028.0000         8.19        11.09     262.       20
20121028.0300         8.36        11.29     268.       20
20121028.0600         8.68        12.12     275.       20
20121028.0900         8.69        12.26     286.       20
20121028.1200         7.99        12.09     296.       20
20121028.1500         7.44        11.96     305.       20
20121028.1800         6.99        11.71     311.       20
20121028.2100         6.63        11.12     310.       20
20121029.0000         6.35        10.89     315.       20
20121029.0300         6.01        10.77     319.       20
20121029.0600         5.70        10.64     323.       20
20121029.0900         5.32        10.67     327.       20
20121029.1200         4.87        10.73     332.       20
20121029.1500         4.44        10.71     336.       20
20121029.1800         4.11        10.67     340.       20
20121029.2100         3.89        10.40     333.       20
20121030.0000         3.75        10.07     331.       20
20121030.0300         3.66        9.84     329.       20
20121030.0600         3.63        9.77     326.       20
20121030.0900         3.61        9.45     311.       20
20121030.1200         3.41        9.24     310.       20
20121030.1500         3.23        9.11     308.       20
20121030.1800         3.16        8.92     307.       20
20121030.2100         3.18        8.54     295.       20
20121031.0000         3.21        8.49     292.       20
20121031.0300         3.20        8.77     301.       20
20121031.0600         3.24        8.95     300.       20
20121031.0900         3.26        8.97     300.       20
20121031.1200         3.31        9.05     301.       20
20121031.1500         3.34        9.17     301.       20
20121031.1800         3.26        9.19     302.       20
20121031.2100         3.16        9.15     302.       20
20121101.0000         3.07        9.06     302.       20
