TPAR 
20121001.0000         2.23        7.83     148.       20
20121001.0300         2.44        8.27     147.       20
20121001.0600         2.56        8.40     149.       20
20121001.0900         2.54        8.36     150.       20
20121001.1200         2.48        8.29     150.       20
20121001.1500         2.46        8.21     150.       20
20121001.1800         2.46        8.12     150.       20
20121001.2100         2.55        7.84     164.       20
20121002.0000         2.81        6.78     222.       20
20121002.0300         2.79        6.96     235.       20
20121002.0600         2.51        7.10     233.       20
20121002.0900         2.27        7.26     219.       20
20121002.1200         2.05        7.28     217.       20
20121002.1500         1.85        7.09     225.       20
20121002.1800         1.67        6.85     225.       20
20121002.2100         1.51        6.67     224.       20
20121003.0000         1.40        11.20     110.       20
20121003.0300         1.31        11.15     109.       20
20121003.0600         1.21        10.98     108.       20
20121003.0900         1.10        10.94     106.       20
20121003.1200         0.98        10.98     104.       20
20121003.1500         0.88        11.07     101.       20
20121003.1800         0.80        11.07      99.       20
20121003.2100         0.73        10.96      98.       20
20121004.0000         0.68        10.88      98.       20
20121004.0300         0.63        10.80      99.       20
20121004.0600         0.60        10.69     100.       20
20121004.0900         0.58        10.50     101.       20
20121004.1200         0.63        10.02     102.       20
20121004.1500         0.68        9.76     104.       20
20121004.1800         0.71        7.80     167.       20
20121004.2100         0.77        7.24     195.       20
20121005.0000         0.84        7.10     202.       20
20121005.0300         0.87        7.07     205.       20
20121005.0600         0.87        7.92     205.       20
20121005.0900         0.85        8.18     210.       20
20121005.1200         0.82        8.04     212.       20
20121005.1500         0.78        7.85     214.       20
20121005.1800         0.75        7.62     216.       20
20121005.2100         0.72        7.51     217.       20
20121006.0000         0.75        7.52     214.       20
20121006.0300         0.80        7.58     205.       20
20121006.0600         0.81        7.65     186.       20
20121006.0900         0.79        7.64     154.       20
20121006.1200         0.76        7.44     127.       20
20121006.1500         0.73        7.16     132.       20
20121006.1800         0.90        7.00     161.       20
20121006.2100         1.09        5.70     164.       20
20121007.0000         1.30        4.16     199.       20
20121007.0300         1.53        4.74     208.       20
20121007.0600         1.75        5.22     216.       20
20121007.0900         1.75        5.75     231.       20
20121007.1200         1.47        9.36     136.       20
20121007.1500         1.29        11.13      80.       20
20121007.1800         1.16        11.09      80.       20
20121007.2100         1.06        11.06      81.       20
20121008.0000         1.01        11.00      81.       20
20121008.0300         0.97        10.94      82.       20
20121008.0600         0.93        10.88      83.       20
20121008.0900         0.90        10.83      84.       20
20121008.1200         0.86        10.76      86.       20
20121008.1500         0.91        10.68      88.       20
20121008.1800         0.99        10.54      91.       20
20121008.2100         1.04        10.26      87.       20
20121009.0000         0.99        10.11      89.       20
20121009.0300         0.89        10.05      91.       20
20121009.0600         0.85        10.02      94.       20
20121009.0900         0.82        9.99      96.       20
20121009.1200         0.95        9.97      98.       20
20121009.1500         1.19        9.93      99.       20
20121009.1800         1.43        5.07      79.       20
20121009.2100         1.70        4.78      77.       20
20121010.0000         1.94        5.34      80.       20
20121010.0300         2.07        5.83      84.       20
20121010.0600         2.07        6.31      91.       20
20121010.0900         2.06        6.98      99.       20
20121010.1200         2.05        7.19     102.       20
20121010.1500         2.01        7.21     101.       20
20121010.1800         1.98        7.36      99.       20
20121010.2100         2.05        7.63      96.       20
20121011.0000         2.19        7.68      93.       20
20121011.0300         2.26        7.69      94.       20
20121011.0600         2.07        7.70      99.       20
20121011.0900         2.02        7.80     106.       20
20121011.1200         2.38        5.50     243.       20
20121011.1500         2.69        6.42     253.       20
20121011.1800         2.88        7.06     258.       20
20121011.2100         2.86        7.49     261.       20
20121012.0000         2.50        7.49     261.       20
20121012.0300         2.10        7.34     257.       20
20121012.0600         1.79        6.92     258.       20
20121012.0900         1.65        6.63     255.       20
20121012.1200         1.67        6.05     251.       20
20121012.1500         1.88        5.75     241.       20
20121012.1800         2.08        6.12     248.       20
20121012.2100         1.98        6.27     256.       20
20121013.0000         1.80        6.37     266.       20
20121013.0300         1.80        6.27     272.       20
20121013.0600         1.69        6.29     278.       20
20121013.0900         1.52        7.04     274.       20
20121013.1200         1.38        7.26     273.       20
20121013.1500         1.32        6.50     283.       20
20121013.1800         1.38        5.94     281.       20
20121013.2100         1.53        5.66     280.       20
20121014.0000         1.55        5.67     278.       20
20121014.0300         1.35        5.67     276.       20
20121014.0600         1.07        5.58     275.       20
20121014.0900         0.85        5.14     276.       20
20121014.1200         0.76        4.69     269.       20
20121014.1500         0.89        4.07     243.       20
20121014.1800         1.23        4.31     231.       20
20121014.2100         1.76        5.16     234.       20
20121015.0000         2.07        5.75     235.       20
20121015.0300         2.13        6.24     235.       20
20121015.0600         2.13        6.31     233.       20
20121015.0900         2.11        6.34     230.       20
20121015.1200         2.16        6.63     228.       20
20121015.1500         2.12        6.76     225.       20
20121015.1800         1.97        6.75     226.       20
20121015.2100         1.83        6.66     228.       20
20121016.0000         1.74        6.47     219.       20
20121016.0300         1.74        6.21     214.       20
20121016.0600         1.84        6.20     205.       20
20121016.0900         1.90        6.50     198.       20
20121016.1200         1.92        6.81     193.       20
20121016.1500         1.96        6.78     190.       20
20121016.1800         2.06        6.87     188.       20
20121016.2100         2.48        8.81     156.       20
20121017.0000         2.74        9.46     160.       20
20121017.0300         2.76        9.42     162.       20
20121017.0600         2.69        9.32     164.       20
20121017.0900         2.57        9.22     165.       20
20121017.1200         2.37        9.12     164.       20
20121017.1500         2.14        9.02     162.       20
20121017.1800         1.95        8.99     157.       20
20121017.2100         1.84        11.88     167.       20
20121018.0000         1.78        12.04     168.       20
20121018.0300         1.83        14.31     171.       20
20121018.0600         1.99        13.93     169.       20
20121018.0900         2.27        13.31     167.       20
20121018.1200         2.46        13.01     164.       20
20121018.1500         2.39        12.44     156.       20
20121018.1800         2.10        12.08     158.       20
20121018.2100         1.83        11.91     160.       20
20121019.0000         1.66        11.52     158.       20
20121019.0300         1.56        11.05     158.       20
20121019.0600         1.53        10.90     157.       20
20121019.0900         1.52        10.70     155.       20
20121019.1200         1.56        10.24     154.       20
20121019.1500         1.58        10.07     153.       20
20121019.1800         1.63        9.99     151.       20
20121019.2100         1.73        9.89     149.       20
20121020.0000         1.85        9.72     145.       20
20121020.0300         2.02        9.35     148.       20
20121020.0600         2.18        9.19     147.       20
20121020.0900         2.35        9.10     146.       20
20121020.1200         2.55        8.47     148.       20
20121020.1500         2.75        7.41     161.       20
20121020.1800         2.90        7.72     160.       20
20121020.2100         3.06        7.81     160.       20
20121021.0000         3.19        8.03     160.       20
20121021.0300         3.12        8.19     164.       20
20121021.0600         3.01        8.24     165.       20
20121021.0900         2.90        8.26     164.       20
20121021.1200         2.74        8.23     163.       20
20121021.1500         2.56        8.18     161.       20
20121021.1800         2.42        8.11     160.       20
20121021.2100         2.32        8.06     158.       20
20121022.0000         2.27        7.98     155.       20
20121022.0300         2.18        7.62     193.       20
20121022.0600         2.03        7.49     204.       20
20121022.0900         1.87        7.47     207.       20
20121022.1200         1.75        8.90     133.       20
20121022.1500         1.73        6.22     247.       20
20121022.1800         1.78        5.79     268.       20
20121022.2100         1.87        5.97     265.       20
20121023.0000         1.92        6.18     266.       20
20121023.0300         1.81        6.30     269.       20
20121023.0600         1.62        6.34     270.       20
20121023.0900         1.55        6.25     274.       20
20121023.1200         1.63        5.99     279.       20
20121023.1500         1.63        6.01     282.       20
20121023.1800         1.48        6.20     282.       20
20121023.2100         1.32        5.95     285.       20
20121024.0000         1.17        5.81     284.       20
20121024.0300         1.06        5.82     282.       20
20121024.0600         0.98        5.96     276.       20
20121024.0900         0.84        5.82     275.       20
20121024.1200         0.72        5.13     289.       20
20121024.1500         0.72        3.31     318.       20
20121024.1800         0.82        3.71     304.       20
20121024.2100         0.84        3.77     309.       20
20121025.0000         0.80        3.60     323.       20
20121025.0300         0.70        3.41     337.       20
20121025.0600         0.61        3.27     349.       20
20121025.0900         0.51        4.22     321.       20
20121025.1200         0.46        5.66     272.       20
20121025.1500         0.54        3.27       6.       20
20121025.1800         0.47        5.81      47.       20
20121025.2100         0.38        10.16     127.       20
20121026.0000         0.43        10.06     128.       20
20121026.0300         0.61        2.88     355.       20
20121026.0600         0.55        4.11      27.       20
20121026.0900         0.47        9.71     129.       20
20121026.1200         0.52        7.00      83.       20
20121026.1500         0.60        6.28      63.       20
20121026.1800         0.53        7.07      65.       20
20121026.2100         0.51        8.98      79.       20
20121027.0000         0.57        9.14      75.       20
20121027.0300         0.52        9.62      85.       20
20121027.0600         0.51        9.82      80.       20
20121027.0900         0.59        9.88      78.       20
20121027.1200         0.75        9.87      77.       20
20121027.1500         0.97        4.17      53.       20
20121027.1800         1.13        5.19      62.       20
20121027.2100         1.20        6.13      69.       20
20121028.0000         1.24        6.68      71.       20
20121028.0300         1.34        7.06      71.       20
20121028.0600         1.48        8.80      75.       20
20121028.0900         1.65        9.10      75.       20
20121028.1200         1.81        9.46      75.       20
20121028.1500         1.94        10.00      77.       20
20121028.1800         2.07        10.09      80.       20
20121028.2100         2.22        6.23      72.       20
20121029.0000         2.42        6.74      76.       20
20121029.0300         2.62        7.10      77.       20
20121029.0600         2.71        7.46      80.       20
20121029.0900         2.85        7.48      79.       20
20121029.1200         3.09        7.57      79.       20
20121029.1500         3.44        7.68      80.       20
20121029.1800         3.75        7.90      81.       20
20121029.2100         4.23        8.34      83.       20
20121030.0000         4.85        8.68      88.       20
20121030.0300         5.66        9.08      92.       20
20121030.0600         6.36        13.21     159.       20
20121030.0900         6.58        14.55     189.       20
20121030.1200         6.43        13.78     189.       20
20121030.1500         6.13        13.10     193.       20
20121030.1800         5.80        12.78     197.       20
20121030.2100         5.42        11.82     192.       20
20121031.0000         5.21        10.91     178.       20
20121031.0300         5.22        10.86     181.       20
20121031.0600         5.18        10.90     181.       20
20121031.0900         5.01        10.80     183.       20
20121031.1200         4.84        10.69     186.       20
20121031.1500         4.63        10.65     188.       20
20121031.1800         4.44        10.62     187.       20
20121031.2100         4.29        10.60     186.       20
20121101.0000         4.19        10.61     186.       20
