TPAR 
20121001.0000         0.00        0.00       0.       20
20121001.0300         0.00        0.00       0.       20
20121001.0600         0.00        0.00       0.       20
20121001.0900         0.00        0.00       0.       20
20121001.1200         0.00        0.00       0.       20
20121001.1500         0.00        0.00       0.       20
20121001.1800         0.00        0.00       0.       20
20121001.2100         0.00        0.00       0.       20
20121002.0000         0.00        0.00       0.       20
20121002.0300         0.00        0.00       0.       20
20121002.0600         0.00        0.00       0.       20
20121002.0900         0.00        0.00       0.       20
20121002.1200         0.00        0.00       0.       20
20121002.1500         0.00        0.00       0.       20
20121002.1800         0.00        0.00       0.       20
20121002.2100         0.00        0.00       0.       20
20121003.0000         0.00        0.00       0.       20
20121003.0300         0.00        0.00       0.       20
20121003.0600         0.00        0.00       0.       20
20121003.0900         0.00        0.00       0.       20
20121003.1200         0.00        0.00       0.       20
20121003.1500         0.00        0.00       0.       20
20121003.1800         0.00        0.00       0.       20
20121003.2100         0.00        0.00       0.       20
20121004.0000         0.00        0.00       0.       20
20121004.0300         0.00        0.00       0.       20
20121004.0600         0.00        0.00       0.       20
20121004.0900         0.00        0.00       0.       20
20121004.1200         0.00        0.00       0.       20
20121004.1500         0.00        0.00       0.       20
20121004.1800         0.00        0.00       0.       20
20121004.2100         0.00        0.00       0.       20
20121005.0000         0.00        0.00       0.       20
20121005.0300         0.00        0.00       0.       20
20121005.0600         0.00        0.00       0.       20
20121005.0900         0.00        0.00       0.       20
20121005.1200         0.00        0.00       0.       20
20121005.1500         0.00        0.00       0.       20
20121005.1800         0.00        0.00       0.       20
20121005.2100         0.00        0.00       0.       20
20121006.0000         0.00        0.00       0.       20
20121006.0300         0.00        0.00       0.       20
20121006.0600         0.00        0.00       0.       20
20121006.0900         0.00        0.00       0.       20
20121006.1200         0.00        0.00       0.       20
20121006.1500         0.00        0.00       0.       20
20121006.1800         0.00        0.00       0.       20
20121006.2100         0.00        0.00       0.       20
20121007.0000         0.00        0.00       0.       20
20121007.0300         0.00        0.00       0.       20
20121007.0600         0.00        0.00       0.       20
20121007.0900         0.00        0.00       0.       20
20121007.1200         0.00        0.00       0.       20
20121007.1500         0.00        0.00       0.       20
20121007.1800         0.00        0.00       0.       20
20121007.2100         0.00        0.00       0.       20
20121008.0000         0.00        0.00       0.       20
20121008.0300         0.00        0.00       0.       20
20121008.0600         0.00        0.00       0.       20
20121008.0900         0.00        0.00       0.       20
20121008.1200         0.00        0.00       0.       20
20121008.1500         0.00        0.00       0.       20
20121008.1800         0.00        0.00       0.       20
20121008.2100         0.00        0.00       0.       20
20121009.0000         0.00        0.00       0.       20
20121009.0300         0.00        0.00       0.       20
20121009.0600         0.00        0.00       0.       20
20121009.0900         0.00        0.00       0.       20
20121009.1200         0.00        0.00       0.       20
20121009.1500         0.00        0.00       0.       20
20121009.1800         0.00        0.00       0.       20
20121009.2100         0.00        0.00       0.       20
20121010.0000         0.00        0.00       0.       20
20121010.0300         0.00        0.00       0.       20
20121010.0600         0.00        0.00       0.       20
20121010.0900         0.00        0.00       0.       20
20121010.1200         0.00        0.00       0.       20
20121010.1500         0.00        0.00       0.       20
20121010.1800         0.00        0.00       0.       20
20121010.2100         0.00        0.00       0.       20
20121011.0000         0.00        0.00       0.       20
20121011.0300         0.00        0.00       0.       20
20121011.0600         0.00        0.00       0.       20
20121011.0900         0.00        0.00       0.       20
20121011.1200         0.00        0.00       0.       20
20121011.1500         0.00        0.00       0.       20
20121011.1800         0.00        0.00       0.       20
20121011.2100         0.00        0.00       0.       20
20121012.0000         0.00        0.00       0.       20
20121012.0300         0.00        0.00       0.       20
20121012.0600         0.00        0.00       0.       20
20121012.0900         0.00        0.00       0.       20
20121012.1200         0.00        0.00       0.       20
20121012.1500         0.00        0.00       0.       20
20121012.1800         0.00        0.00       0.       20
20121012.2100         0.00        0.00       0.       20
20121013.0000         0.00        0.00       0.       20
20121013.0300         0.00        0.00       0.       20
20121013.0600         0.00        0.00       0.       20
20121013.0900         0.00        0.00       0.       20
20121013.1200         0.00        0.00       0.       20
20121013.1500         0.00        0.00       0.       20
20121013.1800         0.00        0.00       0.       20
20121013.2100         0.00        0.00       0.       20
20121014.0000         0.00        0.00       0.       20
20121014.0300         0.00        0.00       0.       20
20121014.0600         0.00        0.00       0.       20
20121014.0900         0.00        0.00       0.       20
20121014.1200         0.00        0.00       0.       20
20121014.1500         0.00        0.00       0.       20
20121014.1800         0.00        0.00       0.       20
20121014.2100         0.00        0.00       0.       20
20121015.0000         0.00        0.00       0.       20
20121015.0300         0.00        0.00       0.       20
20121015.0600         0.00        0.00       0.       20
20121015.0900         0.00        0.00       0.       20
20121015.1200         0.00        0.00       0.       20
20121015.1500         0.00        0.00       0.       20
20121015.1800         0.00        0.00       0.       20
20121015.2100         0.00        0.00       0.       20
20121016.0000         0.00        0.00       0.       20
20121016.0300         0.00        0.00       0.       20
20121016.0600         0.00        0.00       0.       20
20121016.0900         0.00        0.00       0.       20
20121016.1200         0.00        0.00       0.       20
20121016.1500         0.00        0.00       0.       20
20121016.1800         0.00        0.00       0.       20
20121016.2100         0.00        0.00       0.       20
20121017.0000         0.00        0.00       0.       20
20121017.0300         0.00        0.00       0.       20
20121017.0600         0.00        0.00       0.       20
20121017.0900         0.00        0.00       0.       20
20121017.1200         0.00        0.00       0.       20
20121017.1500         0.00        0.00       0.       20
20121017.1800         0.00        0.00       0.       20
20121017.2100         0.00        0.00       0.       20
20121018.0000         0.00        0.00       0.       20
20121018.0300         0.00        0.00       0.       20
20121018.0600         0.00        0.00       0.       20
20121018.0900         0.00        0.00       0.       20
20121018.1200         0.00        0.00       0.       20
20121018.1500         0.00        0.00       0.       20
20121018.1800         0.00        0.00       0.       20
20121018.2100         0.00        0.00       0.       20
20121019.0000         0.00        0.00       0.       20
20121019.0300         0.00        0.00       0.       20
20121019.0600         0.00        0.00       0.       20
20121019.0900         0.00        0.00       0.       20
20121019.1200         0.00        0.00       0.       20
20121019.1500         0.00        0.00       0.       20
20121019.1800         0.00        0.00       0.       20
20121019.2100         0.00        0.00       0.       20
20121020.0000         0.00        0.00       0.       20
20121020.0300         0.00        0.00       0.       20
20121020.0600         0.00        0.00       0.       20
20121020.0900         0.00        0.00       0.       20
20121020.1200         0.00        0.00       0.       20
20121020.1500         0.00        0.00       0.       20
20121020.1800         0.00        0.00       0.       20
20121020.2100         0.00        0.00       0.       20
20121021.0000         0.00        0.00       0.       20
20121021.0300         0.00        0.00       0.       20
20121021.0600         0.00        0.00       0.       20
20121021.0900         0.00        0.00       0.       20
20121021.1200         0.00        0.00       0.       20
20121021.1500         0.00        0.00       0.       20
20121021.1800         0.00        0.00       0.       20
20121021.2100         0.00        0.00       0.       20
20121022.0000         0.00        0.00       0.       20
20121022.0300         0.00        0.00       0.       20
20121022.0600         0.00        0.00       0.       20
20121022.0900         0.00        0.00       0.       20
20121022.1200         0.00        0.00       0.       20
20121022.1500         0.00        0.00       0.       20
20121022.1800         0.00        0.00       0.       20
20121022.2100         0.00        0.00       0.       20
20121023.0000         0.00        0.00       0.       20
20121023.0300         0.00        0.00       0.       20
20121023.0600         0.00        0.00       0.       20
20121023.0900         0.00        0.00       0.       20
20121023.1200         0.00        0.00       0.       20
20121023.1500         0.00        0.00       0.       20
20121023.1800         0.00        0.00       0.       20
20121023.2100         0.00        0.00       0.       20
20121024.0000         0.00        0.00       0.       20
20121024.0300         0.00        0.00       0.       20
20121024.0600         0.00        0.00       0.       20
20121024.0900         0.00        0.00       0.       20
20121024.1200         0.00        0.00       0.       20
20121024.1500         0.00        0.00       0.       20
20121024.1800         0.00        0.00       0.       20
20121024.2100         0.00        0.00       0.       20
20121025.0000         0.00        0.00       0.       20
20121025.0300         0.00        0.00       0.       20
20121025.0600         0.00        0.00       0.       20
20121025.0900         0.00        0.00       0.       20
20121025.1200         0.00        0.00       0.       20
20121025.1500         0.00        0.00       0.       20
20121025.1800         0.00        0.00       0.       20
20121025.2100         0.00        0.00       0.       20
20121026.0000         0.00        0.00       0.       20
20121026.0300         0.00        0.00       0.       20
20121026.0600         0.00        0.00       0.       20
20121026.0900         0.00        0.00       0.       20
20121026.1200         0.00        0.00       0.       20
20121026.1500         0.00        0.00       0.       20
20121026.1800         0.00        0.00       0.       20
20121026.2100         0.00        0.00       0.       20
20121027.0000         0.00        0.00       0.       20
20121027.0300         0.00        0.00       0.       20
20121027.0600         0.00        0.00       0.       20
20121027.0900         0.00        0.00       0.       20
20121027.1200         0.00        0.00       0.       20
20121027.1500         0.00        0.00       0.       20
20121027.1800         0.00        0.00       0.       20
20121027.2100         0.00        0.00       0.       20
20121028.0000         0.00        0.00       0.       20
20121028.0300         0.00        0.00       0.       20
20121028.0600         0.00        0.00       0.       20
20121028.0900         0.00        0.00       0.       20
20121028.1200         0.00        0.00       0.       20
20121028.1500         0.00        0.00       0.       20
20121028.1800         0.00        0.00       0.       20
20121028.2100         0.00        0.00       0.       20
20121029.0000         0.00        0.00       0.       20
20121029.0300         0.00        0.00       0.       20
20121029.0600         0.00        0.00       0.       20
20121029.0900         0.00        0.00       0.       20
20121029.1200         0.00        0.00       0.       20
20121029.1500         0.00        0.00       0.       20
20121029.1800         0.00        0.00       0.       20
20121029.2100         0.00        0.00       0.       20
20121030.0000         0.00        0.00       0.       20
20121030.0300         0.00        0.00       0.       20
20121030.0600         0.00        0.00       0.       20
20121030.0900         0.00        0.00       0.       20
20121030.1200         0.00        0.00       0.       20
20121030.1500         0.00        0.00       0.       20
20121030.1800         0.00        0.00       0.       20
20121030.2100         0.00        0.00       0.       20
20121031.0000         0.00        0.00       0.       20
20121031.0300         0.00        0.00       0.       20
20121031.0600         0.00        0.00       0.       20
20121031.0900         0.00        0.00       0.       20
20121031.1200         0.00        0.00       0.       20
20121031.1500         0.00        0.00       0.       20
20121031.1800         0.00        0.00       0.       20
20121031.2100         0.00        0.00       0.       20
20121101.0000         0.00        0.00       0.       20
