TPAR 
20121001.0000         1.35        9.63      82.       20
20121001.0300         1.28        9.34      89.       20
20121001.0600         1.24        9.20      90.       20
20121001.0900         1.22        9.14      92.       20
20121001.1200         1.22        9.12      93.       20
20121001.1500         1.22        9.12      95.       20
20121001.1800         1.23        12.33      74.       20
20121001.2100         1.24        12.11      70.       20
20121002.0000         1.25        11.93      69.       20
20121002.0300         1.27        11.80      68.       20
20121002.0600         1.29        11.70      69.       20
20121002.0900         1.31        11.57      69.       20
20121002.1200         1.33        11.19      73.       20
20121002.1500         1.33        10.94      73.       20
20121002.1800         1.33        10.77      73.       20
20121002.2100         1.32        10.64      72.       20
20121003.0000         1.32        10.49      74.       20
20121003.0300         1.30        10.19      76.       20
20121003.0600         1.30        10.02      76.       20
20121003.0900         1.30        9.92      75.       20
20121003.1200         1.28        9.85      75.       20
20121003.1500         1.23        9.78      74.       20
20121003.1800         1.17        9.73      73.       20
20121003.2100         1.14        9.69      72.       20
20121004.0000         1.15        9.64      71.       20
20121004.0300         1.17        8.43      94.       20
20121004.0600         1.19        8.24      96.       20
20121004.0900         1.21        7.64     110.       20
20121004.1200         1.22        7.39     114.       20
20121004.1500         1.23        7.38     114.       20
20121004.1800         1.23        9.23      87.       20
20121004.2100         1.26        10.73      63.       20
20121005.0000         1.28        7.92     109.       20
20121005.0300         1.31        10.03      66.       20
20121005.0600         1.34        9.91      66.       20
20121005.0900         1.40        9.80      67.       20
20121005.1200         1.46        5.16      17.       20
20121005.1500         1.50        4.82       8.       20
20121005.1800         1.54        5.57      28.       20
20121005.2100         1.59        6.38      43.       20
20121006.0000         1.65        6.82      43.       20
20121006.0300         1.67        6.70      33.       20
20121006.0600         1.63        6.32      14.       20
20121006.0900         1.57        6.17      10.       20
20121006.1200         1.52        6.03       8.       20
20121006.1500         1.51        5.83       9.       20
20121006.1800         1.53        6.15      14.       20
20121006.2100         1.60        11.67      37.       20
20121007.0000         1.66        11.20      37.       20
20121007.0300         1.71        10.60      38.       20
20121007.0600         1.72        10.03      44.       20
20121007.0900         1.72        9.82      48.       20
20121007.1200         1.71        9.69      54.       20
20121007.1500         1.72        10.89      42.       20
20121007.1800         1.71        10.92      42.       20
20121007.2100         1.71        10.72      44.       20
20121008.0000         1.75        10.18      50.       20
20121008.0300         1.81        10.06      50.       20
20121008.0600         1.87        11.06      47.       20
20121008.0900         1.90        11.19      43.       20
20121008.1200         1.89        11.07      43.       20
20121008.1500         1.85        11.01      42.       20
20121008.1800         1.82        10.97      42.       20
20121008.2100         1.80        11.09      42.       20
20121009.0000         1.78        11.42      43.       20
20121009.0300         1.79        11.45      44.       20
20121009.0600         1.81        11.26      45.       20
20121009.0900         1.80        11.11      46.       20
20121009.1200         1.79        11.03      47.       20
20121009.1500         1.79        10.97      47.       20
20121009.1800         1.74        10.93      48.       20
20121009.2100         1.67        10.90      49.       20
20121010.0000         1.62        10.88      49.       20
20121010.0300         1.63        10.87      50.       20
20121010.0600         1.71        10.87      51.       20
20121010.0900         1.77        10.89      52.       20
20121010.1200         1.80        10.91      53.       20
20121010.1500         1.81        10.88      53.       20
20121010.1800         1.79        10.79      54.       20
20121010.2100         1.75        10.65      55.       20
20121011.0000         1.73        10.45      59.       20
20121011.0300         1.73        10.31      59.       20
20121011.0600         1.74        10.24      59.       20
20121011.0900         1.76        10.23      59.       20
20121011.1200         1.76        11.70      53.       20
20121011.1500         1.73        11.62      53.       20
20121011.1800         1.69        11.32      53.       20
20121011.2100         1.65        11.06      53.       20
20121012.0000         1.61        10.96      53.       20
20121012.0300         1.58        10.91      53.       20
20121012.0600         1.58        10.91      53.       20
20121012.0900         1.62        10.92      53.       20
20121012.1200         1.64        10.90      54.       20
20121012.1500         1.63        10.84      54.       20
20121012.1800         1.63        10.79      54.       20
20121012.2100         1.62        10.78      55.       20
20121013.0000         1.59        10.75      56.       20
20121013.0300         1.58        8.11      95.       20
20121013.0600         1.61        9.06      90.       20
20121013.0900         1.68        8.70      78.       20
20121013.1200         1.76        8.11      42.       20
20121013.1500         1.83        8.13      36.       20
20121013.1800         1.89        8.19      43.       20
20121013.2100         1.94        8.29      60.       20
20121014.0000         2.00        8.79     107.       20
20121014.0300         2.09        8.81     110.       20
20121014.0600         2.24        8.85     111.       20
20121014.0900         2.53        9.12     110.       20
20121014.1200         2.87        9.15     109.       20
20121014.1500         3.14        9.16     112.       20
20121014.1800         3.34        9.59     118.       20
20121014.2100         3.41        9.62     112.       20
20121015.0000         3.39        9.59     108.       20
20121015.0300         3.44        9.58     110.       20
20121015.0600         3.56        9.58     117.       20
20121015.0900         3.72        9.63     121.       20
20121015.1200         3.85        9.81     125.       20
20121015.1500         3.98        9.95     128.       20
20121015.1800         4.20        10.69     138.       20
20121015.2100         4.65        11.86     143.       20
20121016.0000         4.89        12.16     144.       20
20121016.0300         4.94        12.19     143.       20
20121016.0600         5.00        12.10     142.       20
20121016.0900         5.00        12.03     138.       20
20121016.1200         5.15        12.31     134.       20
20121016.1500         4.85        12.12     131.       20
20121016.1800         4.04        11.27     124.       20
20121016.2100         3.45        10.77     124.       20
20121017.0000         2.98        10.13     112.       20
20121017.0300         2.67        9.89     114.       20
20121017.0600         2.44        9.59     118.       20
20121017.0900         2.22        9.20     110.       20
20121017.1200         2.04        9.06     117.       20
20121017.1500         1.91        8.92     121.       20
20121017.1800         1.82        8.75     122.       20
20121017.2100         1.73        8.60     117.       20
20121018.0000         1.66        8.47     116.       20
20121018.0300         1.60        8.46     118.       20
20121018.0600         1.54        8.60     118.       20
20121018.0900         1.56        8.73     115.       20
20121018.1200         1.64        8.52     116.       20
20121018.1500         1.69        8.03     108.       20
20121018.1800         1.70        7.79      67.       20
20121018.2100         1.69        7.67      56.       20
20121019.0000         1.66        7.60      51.       20
20121019.0300         1.63        7.59      47.       20
20121019.0600         1.61        7.60      48.       20
20121019.0900         1.61        9.01      96.       20
20121019.1200         1.66        9.11      89.       20
20121019.1500         1.76        9.14      81.       20
20121019.1800         1.85        9.16      77.       20
20121019.2100         1.87        9.14      78.       20
20121020.0000         1.85        9.09      80.       20
20121020.0300         1.81        9.02      82.       20
20121020.0600         1.77        8.99      84.       20
20121020.0900         1.71        8.98      86.       20
20121020.1200         1.65        8.98      88.       20
20121020.1500         1.60        8.98      91.       20
20121020.1800         1.56        8.98      93.       20
20121020.2100         1.53        8.97      96.       20
20121021.0000         1.51        8.95      98.       20
20121021.0300         1.48        8.92     100.       20
20121021.0600         1.44        8.89     102.       20
20121021.0900         1.41        8.87     104.       20
20121021.1200         1.37        8.83     106.       20
20121021.1500         1.32        8.77     107.       20
20121021.1800         1.28        8.67     106.       20
20121021.2100         1.25        8.58     103.       20
20121022.0000         1.22        8.56     104.       20
20121022.0300         1.20        8.60     105.       20
20121022.0600         1.18        8.68     109.       20
20121022.0900         1.16        8.71     109.       20
20121022.1200         1.14        8.69     109.       20
20121022.1500         1.17        8.63     105.       20
20121022.1800         1.21        8.57     104.       20
20121022.2100         1.26        8.53     104.       20
20121023.0000         1.32        8.52     105.       20
20121023.0300         1.35        8.55     105.       20
20121023.0600         1.37        8.60     105.       20
20121023.0900         1.45        8.67     105.       20
20121023.1200         1.68        8.64     100.       20
20121023.1500         2.08        8.16      39.       20
20121023.1800         2.24        7.69     357.       20
20121023.2100         2.23        7.39       3.       20
20121024.0000         2.18        7.20      15.       20
20121024.0300         2.15        6.99      31.       20
20121024.0600         2.15        6.98      35.       20
20121024.0900         2.17        7.30      42.       20
20121024.1200         2.23        7.60      47.       20
20121024.1500         2.30        6.37      64.       20
20121024.1800         2.34        6.30      72.       20
20121024.2100         2.37        6.36      75.       20
20121025.0000         2.45        6.39      78.       20
20121025.0300         2.56        6.71      91.       20
20121025.0600         2.66        6.91      94.       20
20121025.0900         2.76        6.98      94.       20
20121025.1200         2.85        7.03      94.       20
20121025.1500         2.93        7.15      97.       20
20121025.1800         2.96        7.32     100.       20
20121025.2100         3.07        7.42     102.       20
20121026.0000         3.17        7.51     104.       20
20121026.0300         3.24        7.58     107.       20
20121026.0600         3.41        7.65     111.       20
20121026.0900         3.62        7.76     113.       20
20121026.1200         3.62        7.73     115.       20
20121026.1500         3.55        7.59     119.       20
20121026.1800         3.75        7.61     130.       20
20121026.2100         4.19        8.02     144.       20
20121027.0000         4.40        8.72     161.       20
20121027.0300         4.33        9.23     175.       20
20121027.0600         4.29        9.19     181.       20
20121027.0900         4.37        9.23     183.       20
20121027.1200         4.34        9.26     186.       20
20121027.1500         4.25        9.21     191.       20
20121027.1800         4.40        9.35     199.       20
20121027.2100         4.61        9.70     213.       20
20121028.0000         4.78        9.85     218.       20
20121028.0300         4.97        10.00     224.       20
20121028.0600         5.46        11.15     242.       20
20121028.0900         5.99        11.62     253.       20
20121028.1200         6.47        12.07     259.       20
20121028.1500         6.93        12.37     261.       20
20121028.1800         7.29        13.03     270.       20
20121028.2100         7.56        13.40     273.       20
20121029.0000         7.68        13.37     276.       20
20121029.0300         7.63        13.19     280.       20
20121029.0600         7.37        13.12     284.       20
20121029.0900         7.00        13.05     290.       20
20121029.1200         6.63        12.78     295.       20
20121029.1500         6.24        12.31     296.       20
20121029.1800         5.84        12.14     300.       20
20121029.2100         5.38        12.00     304.       20
20121030.0000         4.90        11.81     309.       20
20121030.0300         4.53        11.43     305.       20
20121030.0600         4.25        11.16     310.       20
20121030.0900         4.01        11.02     314.       20
20121030.1200         3.81        10.88     317.       20
20121030.1500         3.67        10.70     319.       20
20121030.1800         3.50        10.48     314.       20
20121030.2100         3.31        10.32     314.       20
20121031.0000         3.17        10.20     314.       20
20121031.0300         3.12        10.05     311.       20
20121031.0600         3.04        9.87     308.       20
20121031.0900         2.92        9.64     306.       20
20121031.1200         2.86        9.55     305.       20
20121031.1500         2.91        9.63     303.       20
20121031.1800         2.93        9.79     303.       20
20121031.2100         2.94        10.08     303.       20
20121101.0000         2.96        10.35     304.       20
