TPAR 
20121001.0000         1.29        7.31     134.       20
20121001.0300         1.48        7.71     136.       20
20121001.0600         1.72        8.42     136.       20
20121001.0900         1.95        8.77     134.       20
20121001.1200         2.13        8.60     137.       20
20121001.1500         2.56        5.78     227.       20
20121001.1800         2.68        6.25     225.       20
20121001.2100         2.67        6.31     228.       20
20121002.0000         2.52        6.33     230.       20
20121002.0300         2.20        7.19     197.       20
20121002.0600         1.89        7.27     193.       20
20121002.0900         1.62        8.00     171.       20
20121002.1200         1.40        10.10     133.       20
20121002.1500         1.23        11.70     109.       20
20121002.1800         1.11        11.63     109.       20
20121002.2100         1.05        11.24     110.       20
20121003.0000         1.03        11.01     110.       20
20121003.0300         1.01        10.93     109.       20
20121003.0600         0.93        10.85     109.       20
20121003.0900         0.85        10.74     109.       20
20121003.1200         0.79        10.69     108.       20
20121003.1500         0.73        10.67     107.       20
20121003.1800         0.69        10.64     105.       20
20121003.2100         0.65        10.47     108.       20
20121004.0000         0.62        10.31     111.       20
20121004.0300         0.60        10.86     100.       20
20121004.0600         0.59        10.84     100.       20
20121004.0900         0.60        10.78     100.       20
20121004.1200         0.63        10.69     101.       20
20121004.1500         0.68        6.48     174.       20
20121004.1800         0.75        6.93     186.       20
20121004.2100         0.80        6.83     190.       20
20121005.0000         0.93        6.83     193.       20
20121005.0300         0.91        6.88     196.       20
20121005.0600         0.89        7.04     198.       20
20121005.0900         0.87        7.34     195.       20
20121005.1200         0.85        7.42     196.       20
20121005.1500         0.78        7.42     195.       20
20121005.1800         0.67        7.41     195.       20
20121005.2100         0.56        7.35     193.       20
20121006.0000         0.48        7.08     197.       20
20121006.0300         0.42        6.81     201.       20
20121006.0600         0.68        6.75     201.       20
20121006.0900         0.83        3.35     204.       20
20121006.1200         1.01        3.90     206.       20
20121006.1500         1.19        4.29     202.       20
20121006.1800         1.37        4.70     201.       20
20121006.2100         1.57        5.05     203.       20
20121007.0000         1.86        5.36     204.       20
20121007.0300         1.87        5.72     211.       20
20121007.0600         1.45        5.71     211.       20
20121007.0900         1.20        5.61     208.       20
20121007.1200         1.12        5.15     229.       20
20121007.1500         0.92        5.00     223.       20
20121007.1800         0.72        9.18     144.       20
20121007.2100         0.56        11.74      96.       20
20121008.0000         0.45        11.59      96.       20
20121008.0300         0.41        11.42      94.       20
20121008.0600         0.47        11.26      95.       20
20121008.0900         0.78        7.66     181.       20
20121008.1200         0.96        3.86     318.       20
20121008.1500         0.99        4.03     331.       20
20121008.1800         0.85        7.78     205.       20
20121008.2100         0.68        10.87     107.       20
20121009.0000         0.54        10.82     109.       20
20121009.0300         0.45        10.70     112.       20
20121009.0600         0.42        10.50     112.       20
20121009.0900         0.42        10.31     113.       20
20121009.1200         0.85        10.18     115.       20
20121009.1500         1.17        3.95      91.       20
20121009.1800         1.44        4.69      86.       20
20121009.2100         1.60        5.11      85.       20
20121010.0000         1.65        5.30      89.       20
20121010.0300         1.61        5.76     102.       20
20121010.0600         1.56        6.61     116.       20
20121010.0900         1.55        7.27     116.       20
20121010.1200         1.53        7.52     111.       20
20121010.1500         1.49        7.68     108.       20
20121010.1800         1.49        7.75     107.       20
20121010.2100         1.51        7.80     106.       20
20121011.0000         1.57        7.86     106.       20
20121011.0300         1.54        7.92     106.       20
20121011.0600         1.67        5.79     181.       20
20121011.0900         2.09        5.21     257.       20
20121011.1200         2.46        5.84     263.       20
20121011.1500         2.55        6.34     257.       20
20121011.1800         2.33        6.30     259.       20
20121011.2100         2.06        6.16     257.       20
20121012.0000         1.72        5.74     259.       20
20121012.0300         1.50        5.47     256.       20
20121012.0600         1.39        5.12     256.       20
20121012.0900         1.40        4.97     250.       20
20121012.1200         1.71        5.14     244.       20
20121012.1500         1.99        5.68     252.       20
20121012.1800         1.81        5.70     257.       20
20121012.2100         1.67        5.12     276.       20
20121013.0000         2.05        5.18     309.       20
20121013.0300         2.33        5.68     322.       20
20121013.0600         2.15        5.60     323.       20
20121013.0900         1.86        5.25     331.       20
20121013.1200         1.61        4.96     328.       20
20121013.1500         1.44        4.72     320.       20
20121013.1800         1.28        4.66     307.       20
20121013.2100         1.10        4.41     296.       20
20121014.0000         0.89        4.17     287.       20
20121014.0300         0.64        3.80     281.       20
20121014.0600         0.52        3.90     258.       20
20121014.0900         0.78        3.50     241.       20
20121014.1200         1.06        4.14     226.       20
20121014.1500         1.57        4.65     218.       20
20121014.1800         2.01        5.48     233.       20
20121014.2100         1.99        5.78     233.       20
20121015.0000         1.74        5.75     226.       20
20121015.0300         1.64        5.89     212.       20
20121015.0600         1.87        6.19     205.       20
20121015.0900         2.06        6.29     205.       20
20121015.1200         2.18        6.30     205.       20
20121015.1500         2.28        6.28     203.       20
20121015.1800         2.24        6.30     201.       20
20121015.2100         2.14        6.23     202.       20
20121016.0000         2.08        6.17     203.       20
20121016.0300         2.03        6.08     203.       20
20121016.0600         1.93        6.02     200.       20
20121016.0900         1.80        5.90     193.       20
20121016.1200         1.77        6.18     187.       20
20121016.1500         1.73        7.25     155.       20
20121016.1800         1.64        7.28     155.       20
20121016.2100         1.64        7.57     156.       20
20121017.0000         1.98        6.70     233.       20
20121017.0300         2.15        9.31     149.       20
20121017.0600         2.14        9.66     145.       20
20121017.0900         2.03        9.46     152.       20
20121017.1200         1.94        9.27     152.       20
20121017.1500         1.87        9.14     151.       20
20121017.1800         1.76        11.90     159.       20
20121017.2100         1.65        14.05     168.       20
20121018.0000         1.61        14.17     167.       20
20121018.0300         1.61        14.30     165.       20
20121018.0600         1.66        14.03     162.       20
20121018.0900         1.73        13.34     163.       20
20121018.1200         1.82        13.10     159.       20
20121018.1500         1.90        12.51     153.       20
20121018.1800         1.88        12.06     150.       20
20121018.2100         1.73        11.90     149.       20
20121019.0000         1.58        11.64     148.       20
20121019.0300         1.48        11.12     148.       20
20121019.0600         1.45        10.98     148.       20
20121019.0900         1.49        10.87     146.       20
20121019.1200         1.54        10.53     145.       20
20121019.1500         1.62        10.18     145.       20
20121019.1800         1.70        10.08     143.       20
20121019.2100         1.82        10.01     141.       20
20121020.0000         2.07        9.92     137.       20
20121020.0300         2.46        5.87     141.       20
20121020.0600         2.89        6.87     149.       20
20121020.0900         3.08        7.53     153.       20
20121020.1200         2.98        7.78     151.       20
20121020.1500         2.90        7.91     148.       20
20121020.1800         3.05        8.15     148.       20
20121020.2100         3.10        8.29     149.       20
20121021.0000         3.03        8.32     149.       20
20121021.0300         2.89        8.34     149.       20
20121021.0600         2.71        8.35     149.       20
20121021.0900         2.51        8.35     149.       20
20121021.1200         2.36        8.35     149.       20
20121021.1500         2.29        8.34     149.       20
20121021.1800         2.26        8.30     148.       20
20121021.2100         2.17        8.26     147.       20
20121022.0000         1.95        8.30     145.       20
20121022.0300         1.77        8.70     130.       20
20121022.0600         1.69        8.87     126.       20
20121022.0900         1.61        8.98     124.       20
20121022.1200         1.54        9.09     124.       20
20121022.1500         1.50        9.13     124.       20
20121022.1800         1.54        4.68     280.       20
20121022.2100         1.55        4.68     287.       20
20121023.0000         1.49        4.67     295.       20
20121023.0300         1.66        4.68     307.       20
20121023.0600         1.81        4.96     318.       20
20121023.0900         1.77        5.02     322.       20
20121023.1200         1.58        4.80     323.       20
20121023.1500         1.51        4.71     328.       20
20121023.1800         1.41        4.68     330.       20
20121023.2100         1.26        4.46     325.       20
20121024.0000         1.13        4.25     317.       20
20121024.0300         1.05        4.08     322.       20
20121024.0600         1.02        4.13     343.       20
20121024.0900         0.98        4.18     357.       20
20121024.1200         0.93        4.40       7.       20
20121024.1500         0.80        4.70      31.       20
20121024.1800         0.62        4.66      37.       20
20121024.2100         0.48        4.48      38.       20
20121025.0000         0.41        4.36      37.       20
20121025.0300         0.51        3.11     326.       20
20121025.0600         0.44        3.15     333.       20
20121025.0900         0.53        3.20      24.       20
20121025.1200         0.75        3.80      35.       20
20121025.1500         0.83        3.91      30.       20
20121025.1800         0.70        3.96      34.       20
20121025.2100         0.54        3.97      41.       20
20121026.0000         0.43        6.61      82.       20
20121026.0300         0.33        9.82     132.       20
20121026.0600         0.28        9.58     132.       20
20121026.0900         0.24        9.39     136.       20
20121026.1200         0.22        9.32     136.       20
20121026.1500         0.21        9.29     136.       20
20121026.1800         0.21        9.29     135.       20
20121026.2100         0.20        9.36     135.       20
20121027.0000         0.20        9.61     131.       20
20121027.0300         0.20        9.94     130.       20
20121027.0600         0.20        10.03     130.       20
20121027.0900         0.19        10.06     130.       20
20121027.1200         0.18        10.09     128.       20
20121027.1500         0.17        10.11     126.       20
20121027.1800         0.19        10.11     124.       20
20121027.2100         0.51        2.74      60.       20
20121028.0000         0.49        9.48     120.       20
20121028.0300         0.58        14.73     178.       20
20121028.0600         0.71        14.30     175.       20
20121028.0900         0.93        13.49     183.       20
20121028.1200         1.17        12.81     180.       20
20121028.1500         1.38        12.20     181.       20
20121028.1800         1.58        12.04     176.       20
20121028.2100         1.80        11.58     165.       20
20121029.0000         1.94        5.24      47.       20
20121029.0300         2.09        5.56      57.       20
20121029.0600         2.31        5.76      63.       20
20121029.0900         2.55        6.21      78.       20
20121029.1200         2.94        7.08      95.       20
20121029.1500         3.43        7.75     100.       20
20121029.1800         3.90        8.23     102.       20
20121029.2100         4.57        8.73     104.       20
20121030.0000         5.31        9.23     106.       20
20121030.0300         6.51        10.18     115.       20
20121030.0600         7.43        14.80     172.       20
20121030.0900         7.28        14.21     171.       20
20121030.1200         6.51        12.97     172.       20
20121030.1500         5.70        12.39     170.       20
20121030.1800         4.96        11.71     175.       20
20121030.2100         4.47        10.66     171.       20
20121031.0000         4.36        10.51     172.       20
20121031.0300         4.22        10.71     174.       20
20121031.0600         4.04        10.63     173.       20
20121031.0900         3.88        10.00     159.       20
20121031.1200         3.75        9.81     160.       20
20121031.1500         3.63        9.74     161.       20
20121031.1800         3.53        9.73     164.       20
20121031.2100         3.44        9.80     167.       20
20121101.0000         3.33        9.83     168.       20
